Date,Close,High,Low,Open,Volume,% Change,7d MA
2020-03-26,130.8000030517578,132.125,130.5,132.0,2772,,
2020-03-27,120.5999984741211,123.32499694824219,120.5999984741211,123.0,1510,-7.798168455394117,
2020-03-30,120.05000305175781,122.0,117.625,119.625,1858,-0.4560492780448122,
2020-03-31,121.92500305175781,123.05000305175781,116.5999984741211,120.05000305175781,1328,1.56184918978437,
2020-04-01,117.42500305175781,119.2249984741211,117.42500305175781,118.5,796,-3.6907934282271238,
2020-04-02,110.67500305175781,116.2750015258789,110.67500305175781,116.2750015258789,1503,-5.748349861251256,
2020-04-03,108.25,115.9749984741211,106.55000305175781,110.125,1150,-2.19110276475325,118.53214481898716
2020-04-06,110.42500305175781,112.57499694824219,103.94999694824219,105.07499694824219,934,2.009240694464487,115.62143053327289
2020-04-07,114.92500305175781,114.92500305175781,113.5,113.5,483,4.075164025932421,114.8107169015067
2020-04-08,119.875,121.67500305175781,117.375,117.375,1960,4.3071540716104195,114.7857164655413
2020-04-09,119.5250015258789,120.19999694824219,116.57499694824219,118.0,824,-0.2919695300280245,114.44285910470145
2020-04-13,115.0250015258789,116.125,115.0250015258789,115.1500015258789,367,-3.76490269194909,114.10000174386161
2020-04-14,116.4000015258789,118.9749984741211,112.42500305175781,113.7750015258789,547,1.1953922901628111,114.91785866873605
2020-04-15,115.80000305175781,117.05000305175781,114.125,116.0,810,-0.515462599876082,115.99643053327289
2020-04-16,118.25,120.30000305175781,116.75,116.8499984741211,543,2.1157140618961234,117.11428724016461
2020-04-17,119.5250015258789,121.0999984741211,118.19999694824219,120.1500015258789,457,1.078225391863774,117.77142987932477
2020-04-20,118.32499694824219,120.75,117.9000015258789,119.94999694824219,270,-1.003977881043494,117.5500008719308
2020-04-21,117.9000015258789,118.25,115.0,116.8499984741211,400,-0.3591763645252266,117.31785801478794
2020-04-22,118.4749984741211,119.5999984741211,117.5,119.0,251,0.4876988471590238,117.81071472167969
2020-04-23,119.42500305175781,121.19999694824219,118.05000305175781,118.25,500,0.8018608059693122,118.24285779680524
2020-04-24,119.80000305175781,120.125,118.32499694824219,119.4000015258789,266,0.31400459737687125,118.81428636823382
2020-04-27,120.4000015258789,121.875,119.5,120.25,237,0.500833438094217,119.12142944335938
2020-04-28,119.625,120.4749984741211,119.4000015258789,119.75,256,-0.6436889668247403,119.13571493966239
2020-04-29,119.55000305175781,119.9000015258789,119.3499984741211,119.69999694824219,108,-0.06269337366118233,119.3107158115932
2020-04-30,119.17500305175781,119.30000305175781,118.94999694824219,119.30000305175781,1513,-0.31367627806554443,119.49285888671875
2020-05-01,117.82499694824219,120.80000305175781,117.0,117.7249984741211,1504,-1.1327930093941951,119.4000015258789
2020-05-04,119.07499694824219,119.5,118.07499694824219,118.69999694824219,865,1.0608954231919876,119.3500006539481
2020-05-05,119.5999984741211,119.69999694824219,116.0999984741211,119.57499694824219,1147,0.4408998860668589,119.32142857142857
2020-05-06,124.0999984741211,124.0999984741211,118.80000305175781,119.0999984741211,1529,3.7625418540232713,119.8499995640346
2020-05-07,130.27499389648438,130.85000610351562,125.125,125.125,2526,4.975822319329826,121.37142726353237
2020-05-08,127.9000015258789,130.375,127.6500015258789,130.1750030517578,1238,-1.8230608189416797,122.5642841884068
2020-05-11,123.6500015258789,128.25,123.4749984741211,128.02499389648438,903,-3.322908482639908,123.20356968470982
2020-05-12,127.30000305175781,127.5999984741211,123.7750015258789,123.9000015258789,734,2.951881504922582,124.55714198521206
2020-05-13,125.30000305175781,127.4749984741211,124.92500305175781,127.1500015258789,600,-1.5710918712129485,125.44642857142857
2020-05-14,123.80000305175781,125.55000305175781,123.5250015258789,125.0,597,-1.1971268662941625,126.04642922537667
2020-05-15,124.7249984741211,125.42500305175781,123.80000305175781,124.3499984741211,777,0.7471691434260741,126.13571493966239
2020-05-18,126.5999984741211,127.0,125.5,126.17500305175781,647,1.5033072943986037,125.6107155936105
2020-05-19,127.42500305175781,127.5,126.9000015258789,127.1500015258789,586,0.6516623914536224,125.54285866873605
2020-05-20,126.0,127.69999694824219,125.8499984741211,127.1500015258789,1142,-1.1183072533880956,125.87857273646763
2020-05-21,126.0250015258789,126.0250015258789,125.8499984741211,126.0,3278,0.019842480856269162,125.69642966134208
2020-05-22,128.8000030517578,129.97500610351562,128.5,128.6999969482422,2500,2.2019452428326813,126.19642966134208
2020-05-26,133.3000030517578,133.3000030517578,129.60000610351562,129.77499389648438,3973,3.4937887370947385,127.55357251848493
2020-05-27,134.02499389648438,135.0,133.02499389648438,134.1999969482422,3141,0.543879090869237,128.88214329310827
2020-05-28,135.5,136.02499389648438,133.3000030517578,134.1999969482422,4049,1.100545547985532,130.15357208251953
2020-05-29,135.35000610351562,135.75,132.60000610351562,135.47500610351562,5958,-0.11069660257149172,131.2857153756278
2020-06-01,136.125,136.72500610351562,132.52499389648438,134.39999389648438,4875,0.5725850473118355,132.73214394705636
2020-06-02,133.4250030517578,136.35000610351562,133.1750030517578,135.77499389648438,4484,-1.9834688325011451,133.78928702218192
2020-06-03,134.22500610351562,134.5749969482422,132.60000610351562,134.0,3580,0.5995900569306878,134.56428745814733
2020-06-04,134.72500610351562,135.3249969482422,133.625,133.6750030517578,2923,0.3725088301463009,134.76785932268416
2020-06-05,134.1750030517578,135.5,133.35000610351562,135.25,3357,-0.4082412520621581,134.78928920200892
2020-06-08,133.0749969482422,134.3249969482422,132.6750030517578,134.0749969482422,2622,-0.8198293858739825,134.44286019461495
2020-06-09,134.25,134.875,131.52499389648438,132.75,3131,0.8829630499370245,134.2857164655413
2020-06-10,132.6750030517578,134.75,131.5749969482422,134.22500610351562,3532,-1.1731820843517204,133.79285975864954
2020-06-11,132.1750030517578,132.35000610351562,130.125,131.39999389648438,3914,-0.3768607412844349,133.61428833007812
2020-06-12,131.10000610351562,133.5,130.64999389648438,132.35000610351562,3356,-0.8133133523146041,133.16785975864954
2020-06-15,131.1750030517578,131.75,128.6750030517578,130.47500610351562,4898,0.05720590751381316,132.6607164655413
2020-06-16,132.875,133.0,131.4250030517578,132.1750030517578,3193,1.2959762978403955,132.4750017438616
2020-06-17,133.5749969482422,133.85000610351562,131.6999969482422,132.3000030517578,3057,0.5268086157984575,132.54643031529017
2020-06-18,132.97500610351562,133.75,132.4499969482422,133.75,2130,-0.449179006875855,132.36428833007812
2020-06-19,132.5500030517578,133.5500030517578,132.125,132.5,2318,-0.3196112293666453,132.346431187221
2020-06-22,131.75,132.6750030517578,131.125,131.14999389648438,3489,-0.6035481202104731,132.2857164655413
2020-06-23,133.1999969482422,135.375,131.02499389648438,131.625,6963,1.1005669436373378,132.5857151576451
2020-06-24,132.875,134.4499969482422,131.8000030517578,133.1999969482422,3898,-0.24399170847464458,132.82857186453683
2020-06-25,133.25,134.39999389648438,132.4250030517578,132.9499969482422,3071,0.2822201317027373,132.88214329310827
2020-06-26,132.60000610351562,133.5749969482422,132.125,132.97500610351562,3523,-0.4878002975492457,132.74285888671875
2020-06-29,133.5,133.89999389648438,130.4499969482422,132.72500610351562,4727,0.6787283974796887,132.81785801478796
2020-06-30,132.85000610351562,135.6750030517578,132.27499389648438,133.47500610351562,7247,-0.486886813845977,132.86071559361048
2020-07-01,133.0749969482422,133.9499969482422,130.77499389648438,132.89999389648438,5060,0.16935704508078686,133.0500008719308
2020-07-02,134.875,136.0,132.625,133.25,4730,1.3526230268920525,133.28928702218192
2020-07-06,136.14999389648438,136.6750030517578,134.97500610351562,135.8000030517578,4166,0.9453152151876809,133.75714329310827
2020-07-07,134.9250030517578,136.39999389648438,134.85000610351562,135.8249969482422,3779,-0.8997362465237635,133.99642944335938
2020-07-08,134.0500030517578,135.22500610351562,133.10000610351562,135.0,6910,-0.6485084159415178,134.20357186453683
2020-07-09,134.52499389648438,135.4250030517578,133.8000030517578,134.1750030517578,5534,0.3543385556978862,134.3499995640346
2020-07-10,135.75,136.0500030517578,134.4250030517578,134.85000610351562,4604,0.9106159889204379,134.76428440638952
2020-07-13,137.0500030517578,137.85000610351562,136.0,136.14999389648438,6320,0.9576449736705905,135.33214242117745
2020-07-14,136.72500610351562,137.52499389648438,136.5749969482422,136.89999389648438,5191,-0.23713749799731954,135.59642900739397
2020-07-15,139.4250030517578,139.8249969482422,136.64999389648438,136.75,5101,1.974764547604413,136.06428745814733
2020-07-16,142.60000610351562,143.8249969482422,138.9250030517578,139.375,7822,2.277212108490456,137.1607164655413
2020-07-17,142.6999969482422,142.97500610351562,141.1999969482422,142.4499969482422,3973,0.07011980395987827,138.39642987932478
2020-07-20,141.60000610351562,142.6999969482422,139.4250030517578,142.47500610351562,4930,-0.770841533462352,139.40714590890067
2020-07-21,141.3249969482422,142.35000610351562,140.72500610351562,141.60000610351562,3290,-0.19421549676515992,140.20357404436385
2020-07-22,141.52499389648438,142.02499389648438,140.77499389648438,141.35000610351562,4214,0.14151562183684074,140.84285845075334
2020-07-23,142.02499389648438,143.0749969482422,141.52499389648438,141.75,3546,0.35329448617797965,141.5999995640346
2020-07-24,142.0500030517578,143.6999969482422,141.5500030517578,141.75,3699,0.017608981762506914,141.9749995640346
2020-07-27,139.35000610351562,143.85000610351562,139.10000610351562,143.6999969482422,4635,-1.9007369871427704,141.5107138497489
2020-07-28,140.6999969482422,141.60000610351562,139.47500610351562,139.625,2829,0.9687770259039219,141.2249995640346
2020-07-29,141.97500610351562,142.47500610351562,140.8000030517578,141.375,1528,0.9061898954713321,141.27857099260603
2020-07-30,143.02499389648438,143.5,141.4250030517578,141.77499389648438,1718,0.7395581953369978,141.52142769949776
2020-07-31,144.6750030517578,144.89999389648438,142.64999389648438,143.14999389648438,1481,1.1536509181518717,141.97142900739397
2020-08-03,144.875,145.47500610351562,144.22500610351562,144.52499389648438,1503,0.13823877243717142,142.37857273646765
2020-08-04,144.6999969482422,145.39999389648438,144.0749969482422,144.875,1079,-0.12079589422454573,142.75714329310827
2020-08-05,144.8000030517578,145.1750030517578,144.10000610351562,144.5,819,0.06911271985126088,143.53571428571428
2020-08-06,143.47500610351562,145.97500610351562,143.1999969482422,145.10000610351562,2080,-0.9150531217658742,143.93214416503906
2020-08-07,142.72500610351562,143.9250030517578,142.5,143.5749969482422,1243,-0.5227391309249207,144.03928702218192
2020-08-10,143.5749969482422,143.8249969482422,142.25,142.8249969482422,1028,0.5955444444753377,144.11785888671875
2020-08-11,144.5,145.10000610351562,143.10000610351562,143.9499969482422,1257,0.6442647197765661,144.09285845075334
2020-08-12,145.25,146.39999389648438,144.39999389648438,144.77499389648438,1595,0.519031141868509,144.14642987932478
2020-08-13,144.9499969482422,145.85000610351562,144.60000610351562,145.75,846,-0.20654254854238774,144.18214416503906
2020-08-14,143.9250030517578,145.125,143.64999389648438,144.875,570,-0.7071361973538859,144.05714416503906
2020-08-17,142.72500610351562,144.1999969482422,142.5500030517578,144.1999969482422,719,-0.833765449225421,143.9500013078962
2020-08-18,143.22500610351562,143.4499969482422,142.72500610351562,142.9250030517578,387,0.350324034764693,144.02142987932478
2020-08-19,143.5500030517578,144.0500030517578,143.25,143.25,283,0.22691355167916427,144.01785932268416
2020-08-20,143.4250030517578,143.75,143.22500610351562,143.72500610351562,501,-0.08707767143336653,143.86428833007812
2020-08-21,142.9250030517578,143.72500610351562,142.75,143.35000610351562,607,-0.3486142509054435,143.53214590890067
2020-08-24,142.0,142.39999389648438,141.14999389648438,142.14999389648438,1105,-0.6471947049200621,143.1107177734375
2020-08-25,142.25,142.5,141.5749969482422,141.89999389648438,650,0.17605633802817433,142.8714316231864
2020-08-26,142.47500610351562,142.8000030517578,142.02499389648438,142.64999389648438,776,0.1581765226823295,142.8357173374721
2020-08-27,141.97500610351562,142.39999389648438,141.97500610351562,142.39999389648438,2024,-0.35093874615224063,142.65714590890067
2020-08-28,140.02499389648438,141.39999389648438,139.60000610351562,141.39999389648438,1150,-1.3734897856665484,142.15357317243303
2020-08-31,140.3000030517578,141.375,138.6999969482422,139.3249969482422,968,0.19640004803480604,141.70714460100447
2020-09-01,140.125,141.5500030517578,139.125,140.47500610351562,1348,-0.12473488806216126,141.30714416503906
2020-09-02,138.6999969482422,140.5749969482422,137.5,140.4250030517578,1525,-1.0169513304248423,140.8357151576451
2020-09-03,137.60000610351562,139.5500030517578,137.0500030517578,138.6999969482422,1321,-0.7930720035538519,140.17143031529017
2020-09-04,137.64999389648438,138.25,136.85000610351562,137.875,1380,0.03632833630191623,139.48214285714286
2020-09-08,138.9499969482422,139.1750030517578,137.64999389648438,137.875,1203,0.9444265233570892,139.0499986921038
2020-09-09,138.39999389648438,139.4499969482422,137.22500610351562,138.9250030517578,1356,-0.39582804162470175,138.81785583496094
2020-09-10,139.1750030517578,140.0,138.39999389648438,138.39999389648438,1011,0.5599777380431936,138.65714154924666
2020-09-11,140.0,140.22500610351562,139.35000610351562,139.5,465,0.5927766697697789,138.63928440638952
2020-09-14,141.5,142.0,140.125,140.8249969482422,664,1.0714285714285676,139.0392848423549
2020-09-15,141.6750030517578,142.125,140.9499969482422,142.125,758,0.12367706838007919,139.62142726353235
2020-09-16,140.5,141.89999389648438,140.375,141.89999389648438,575,-0.8293651148386094,140.02857099260603
2020-09-17,139.9250030517578,140.85000610351562,139.39999389648438,140.3000030517578,770,-0.40925049696952653,140.16785757882255
2020-09-18,140.875,141.75,140.3000030517578,140.3000030517578,993,0.6789329480241468,140.52142987932478
2020-09-21,141.0749969482422,141.1999969482422,140.14999389648438,140.8000030517578,700,0.14196766512311054,140.79285757882255
2020-09-22,141.6999969482422,142.125,141.35000610351562,141.5500030517578,819,0.4430267683998679,141.03571428571428
2020-09-23,142.0,142.1999969482422,141.47500610351562,141.72500610351562,457,0.21171704884890286,141.10714285714286
2020-09-24,142.4499969482422,142.5,142.1999969482422,142.1999969482422,3149,0.316899259325476,141.21785627092635
2020-09-25,140.3249969482422,142.3249969482422,140.25,142.1999969482422,3697,-1.4917515237098278,141.19285583496094
2020-09-28,140.9250030517578,141.0500030517578,139.22500610351562,139.5,3347,0.42758319370348463,141.33571297781808
2020-09-29,142.9250030517578,143.64999389648438,140.97500610351562,141.25,2785,1.4191945763275537,141.62857055664062
2020-09-30,141.35000610351562,143.4499969482422,140.5500030517578,143.3000030517578,1880,-1.1019744023876843,141.66785757882255
2020-10-01,140.9250030517578,141.9499969482422,140.625,141.0749969482422,1463,-0.30067423658020065,141.55714416503906
2020-10-02,139.89999389648438,140.6999969482422,139.5,139.9499969482422,1216,-0.7273437169250774,141.25714329310827
2020-10-05,140.0500030517578,140.77499389648438,139.6999969482422,140.5,928,0.10722599129233679,140.91428702218192
2020-10-06,138.125,140.875,137.14999389648438,140.5,2046,-1.3745112529889747,140.6000017438616
2020-10-07,138.5,138.8000030517578,136.8000030517578,138.14999389648438,1065,0.2714932126696823,140.25357273646765
2020-10-08,138.0500030517578,138.875,137.8000030517578,138.1750030517578,1360,-0.324907543857178,139.55714416503906
2020-10-09,138.25,138.60000610351562,137.3000030517578,138.0,1233,0.14487283145310226,139.1142861502511
2020-10-12,137.3000030517578,138.6750030517578,137.0,138.6750030517578,1220,-0.687158732905746,138.59642900739397
2020-10-13,138.125,138.25,136.3000030517578,137.27499389648438,938,0.6008717624945703,138.34285845075334
2020-10-14,138.375,138.8000030517578,136.97500610351562,138.3000030517578,969,0.18099547511312153,138.10357230050224
2020-10-15,138.9250030517578,139.0500030517578,138.0,138.125,952,0.39747284679878536,138.21785845075334
2020-10-16,138.10000610351562,138.9499969482422,137.60000610351562,138.5,600,-0.5938433904045581,138.1607164655413
2020-10-19,134.60000610351562,137.9499969482422,134.10000610351562,137.9499969482422,1063,-2.534395253666033,137.66785975864954
2020-10-20,134.5,134.8000030517578,131.72500610351562,134.0,828,-0.07429873624129613,137.13214547293526
2020-10-21,134.39999389648438,135.5,133.9499969482422,133.9499969482422,167,-0.07435398030901652,136.71785845075334
2020-10-22,133.8249969482422,134.5,132.375,133.97500610351562,656,-0.42782512972809883,136.10357230050224
2020-10-23,133.52499389648438,134.4499969482422,133.1999969482422,133.77499389648438,458,-0.22417564625377695,135.41071428571428
2020-10-26,133.6999969482422,134.125,133.0,133.10000610351562,215,0.13106389047543576,134.6642848423549
2020-10-27,134.3000030517578,134.5,133.4499969482422,133.5,634,0.448770469118176,134.12142726353235
2020-10-28,135.1750030517578,135.39999389648438,134.39999389648438,134.39999389648438,233,0.6515264185532388,134.20356968470983
2020-10-29,136.4499969482422,136.8000030517578,135.5,135.5,2063,0.943217213019909,134.48214067731584
2020-10-30,137.39999389648438,137.89999389648438,135.4250030517578,136.35000610351562,1233,0.6962235027403674,134.91071210588728
2020-11-02,136.97500610351562,138.25,135.5,137.8249969482422,1285,-0.30930699552208507,135.3607134137835
2020-11-03,136.125,137.35000610351562,135.75,137.27499389648438,865,-0.6205556237561027,135.73214285714286
2020-11-04,137.6999969482422,137.875,135.22500610351562,136.64999389648438,910,1.1570225515094013,136.30357142857142
2020-11-05,137.5749969482422,138.5,136.60000610351562,137.6999969482422,852,-0.09077705357319887,136.77142769949776
2020-11-06,137.6999969482422,138.39999389648438,137.0,137.27499389648438,767,0.0908595331803097,137.13214111328125
2020-11-09,141.625,141.875,138.3000030517578,138.3000030517578,1834,2.8504016984351344,137.87142726353235
2020-11-10,140.85000610351562,141.9499969482422,140.1999969482422,141.3000030517578,1100,-0.5472154608892277,138.3642861502511
2020-11-11,140.60000610351562,141.02499389648438,139.52499389648438,140.85000610351562,534,-0.1774937800260168,138.88214329310827
2020-11-12,140.0749969482422,140.6999969482422,139.8249969482422,140.52499389648438,700,-0.3734062108695091,139.44642857142858
2020-11-13,137.47500610351562,140.0,137.35000610351562,140.0,928,-1.856141996338767,139.41428702218192
2020-11-16,137.27499389648438,137.72500610351562,136.72500610351562,137.3000030517578,468,-0.14548986954082688,139.37142944335938
2020-11-17,137.375,137.75,137.0500030517578,137.60000610351562,578,0.0728509254868559,139.3250013078962
2020-11-18,137.02499389648438,137.375,136.8249969482422,137.375,402,-0.2547815130232056,138.66785757882255
2020-11-19,136.77499389648438,137.375,136.75,137.10000610351562,5686,-0.18244846643734602,138.08571297781808
2020-11-20,134.60000610351562,135.60000610351562,133.0,135.5,5310,-1.590194034016812,137.22857012067522
2020-11-23,137.8249969482422,138.375,135.22500610351562,135.375,4547,2.3959812024423988,136.90714154924666
2020-11-24,138.60000610351562,139.5749969482422,138.0,138.0749969482422,4901,0.56231392884738,137.06785583496094
2020-11-25,140.1750030517578,140.5749969482422,138.6750030517578,138.89999389648438,3966,1.1363613844763254,137.48214285714286
2020-11-27,139.8249969482422,140.97500610351562,139.39999389648438,139.625,2718,-0.24969223891251335,137.83214242117745
2020-11-30,141.0500030517578,141.25,138.9250030517578,139.39999389648438,5839,0.8760995031303898,138.40714372907365
2020-12-01,141.64999389648438,143.47500610351562,141.0500030517578,141.0749969482422,6849,0.4253745705389278,139.10357230050224
2020-12-02,141.8000030517578,142.14999389648438,140.35000610351562,141.5,4659,0.10590127902374569,140.13214329310827
2020-12-03,139.8000030517578,142.0,139.22500610351562,141.72500610351562,4664,-1.4104372051882086,140.41428702218192
2020-12-04,139.77499389648438,140.125,138.39999389648438,139.60000610351562,4655,-0.017889238002499752,140.58214242117745
2020-12-07,137.8000030517578,139.47500610351562,137.5500030517578,139.25,7301,-1.4129786664052513,140.24285670689173
2020-12-08,137.5749969482422,138.4250030517578,136.8249969482422,137.60000610351562,6088,-0.16328454175078555,139.92142813546317
2020-12-09,137.02499389648438,137.89999389648438,136.5749969482422,137.52499389648438,5731,-0.39978416424368834,139.34642682756697
2020-12-10,137.60000610351562,139.14999389648438,136.77499389648438,136.85000610351562,8018,0.4196403814224148,138.76785714285714
2020-12-11,139.72500610351562,139.85000610351562,137.25,137.39999389648438,7026,1.544331326847015,138.47142900739397
2020-12-14,140.02499389648438,140.625,139.1750030517578,139.6999969482422,4278,0.21469871523678297,138.50357055664062
2020-12-15,140.10000610351562,140.52499389648438,139.4250030517578,139.47500610351562,3651,0.05357058403923087,138.5500008719308
2020-12-16,140.85000610351562,141.27499389648438,138.8000030517578,139.60000610351562,4385,0.535331882459622,138.98571559361048
2020-12-17,140.97500610351562,141.625,140.5500030517578,140.75,3397,0.08874689001301395,139.471431187221
2020-12-18,140.4499969482422,141.0,139.97500610351562,140.9499969482422,4479,-0.37241293317478164,139.9607173374721
2020-12-21,140.625,141.10000610351562,139.27499389648438,139.75,3418,0.12460167715226955,140.39285932268416
2020-12-22,139.89999389648438,141.02499389648438,139.64999389648438,140.75,3147,-0.5155598958333285,140.41785757882255
2020-12-23,140.27499389648438,140.5500030517578,139.0,139.875,2391,0.2680486178415986,140.45357186453683
2020-12-24,140.9250030517578,141.0749969482422,140.27499389648438,140.4499969482422,1039,0.4633820592094384,140.57142857142858
2020-12-28,141.0,141.97500610351562,140.52499389648438,140.8249969482422,2185,0.05321763109320532,140.59285627092635
2020-12-29,139.625,141.3000030517578,139.3249969482422,141.0,2099,-0.9751773049645363,140.3999982561384
2020-12-30,138.52499389648438,139.6750030517578,137.8000030517578,139.5,2195,-0.7878289013540707,140.12499782017298
2020-12-31,138.9499969482422,139.4499969482422,138.0500030517578,138.52499389648438,1299,0.30680604257986577,139.88571166992188
2021-01-04,134.9499969482422,138.8000030517578,134.5,138.5500030517578,3069,-2.878733420548374,139.17856924874442
2021-01-05,136.6750030517578,137.6999969482422,133.75,134.25,2132,1.278255755853941,138.6642848423549
2021-01-06,135.77499389648438,136.625,135.02499389648438,136.25,1076,-0.6585031170129985,137.92856924874442
2021-01-07,136.6999969482422,137.3249969482422,135.39999389648438,135.5,974,0.6812764451037623,137.3142830984933
2021-01-08,135.8249969482422,136.77499389648438,135.5749969482422,136.3000030517578,1223,-0.6400877977570829,136.77142551967077
2021-01-11,136.0,136.47500610351562,134.6999969482422,135.85000610351562,925,0.1288445099870028,136.41071210588728
2021-01-12,133.22500610351562,136.0,133.0749969482422,135.97500610351562,1924,-2.0404366885914516,135.59285627092635
2021-01-13,133.5749969482422,134.1750030517578,132.0,132.64999389648438,1262,0.2627065706077847,135.39642769949776
2021-01-14,132.60000610351562,133.89999389648438,132.25,133.5,711,-0.7299201699434432,134.8142852783203
2021-01-15,134.5749969482422,135.1999969482422,132.52499389648438,132.52499389648438,783,1.489434957630964,134.64285714285714
2021-01-19,134.39999389648438,136.0,133.6999969482422,133.875,928,-0.13004128235285517,134.3142852783203
2021-01-20,135.3000030517578,135.875,134.5500030517578,135.10000610351562,437,0.6696496995131085,134.2392861502511
2021-01-21,135.875,135.9499969482422,134.3000030517578,134.64999389648438,677,0.4249792574078759,134.22142900739397
2021-01-22,137.25,138.8000030517578,135.875,136.0,963,1.0119595216191435,134.79642813546317
2021-01-25,136.5500030517578,137.0,136.0749969482422,136.875,628,-0.510015991433288,135.22142900739397
2021-01-26,135.64999389648438,136.35000610351562,135.52499389648438,136.35000610351562,688,-0.6591059210246164,135.65714154924666
2021-01-27,135.625,135.8000030517578,135.22500610351562,135.3000030517578,522,-0.018425283898981792,135.80714198521204
2021-01-28,135.6999969482422,136.0,135.60000610351562,135.6999969482422,2508,0.055297289026490226,135.99285670689173
2021-01-29,137.72500610351562,141.85000610351562,137.39999389648438,139.6750030517578,5454,1.4922691236653574,136.33928571428572
2021-02-01,137.9250030517578,138.5,136.8000030517578,138.125,3445,0.14521469550117239,136.63214329310827
2021-02-02,139.125,139.3000030517578,138.0,138.5,3006,0.8700358322935031,136.9000004359654
2021-02-03,138.52499389648438,140.3000030517578,138.25,139.0,3037,-0.431271233434416,137.18214198521204
2021-02-04,139.5,139.85000610351562,137.9499969482422,138.0,3045,0.7038485085545165,137.73214285714286
2021-02-05,138.27499389648438,139.4250030517578,138.14999389648438,139.39999389648438,5042,-0.8781405759968663,138.1107134137835
2021-02-08,137.4499969482422,138.8000030517578,137.1999969482422,138.3249969482422,4809,-0.5966349554567985,138.3607134137835
2021-02-09,138.64999389648438,140.875,137.3000030517578,137.3000030517578,6757,0.8730425426593857,138.49285452706474
2021-02-10,139.5,139.89999389648438,137.4499969482422,139.1999969482422,4705,0.61305888275065,138.71785409109933
2021-02-11,139.14999389648438,140.3249969482422,138.89999389648438,139.02499389648438,4685,-0.2509004326276876,138.72142464773995
2021-02-12,140.85000610351562,141.8249969482422,139.1750030517578,139.77499389648438,4393,1.221712024145627,139.05356924874442
2021-02-16,140.77499389648438,142.1750030517578,139.9499969482422,140.8249969482422,3658,-0.05325680069627747,139.23571123395647
2021-02-17,138.4250030517578,141.14999389648438,138.14999389648438,140.25,4435,-1.669324060816213,139.25714111328125
2021-02-18,138.1999969482422,139.39999389648438,138.0,138.4499969482422,4081,-0.16254729893810937,139.3642839704241
2021-02-19,139.125,139.75,138.35000610351562,138.39999389648438,2885,0.6693220493371177,139.43214198521204
2021-02-22,139.3249969482422,139.8249969482422,138.25,138.60000610351562,2773,0.14375342191712548,139.40714154924666
2021-02-23,138.5749969482422,139.89999389648438,138.0,139.3249969482422,2516,-0.5383097193094599,139.3249991280692
2021-02-24,140.375,140.4250030517578,138.1999969482422,138.1999969482422,2760,1.2989378252918904,139.25714111328125
2021-02-25,140.4250030517578,140.9250030517578,139.5749969482422,140.5,1636,0.03562105200913823,139.20714242117745
2021-02-26,138.6750030517578,140.375,138.0500030517578,140.25,1975,-1.2462168146473052,139.24285670689173
2021-03-01,137.1999969482422,138.5,136.89999389648438,138.5,1725,-1.0636423804260553,139.0999995640346
2021-03-02,136.52499389648438,136.85000610351562,135.25,136.77499389648438,1893,-0.49198474254518176,138.72857012067522
2021-03-03,137.0,137.27499389648438,135.875,136.0,1910,0.3479261122514954,138.39642769949776
2021-03-04,135.10000610351562,137.0500030517578,134.625,136.77499389648438,1871,-1.3868568587477204,137.9000004359654
2021-03-05,134.60000610351562,135.72500610351562,133.64999389648438,135.25,2042,-0.3700962082983872,137.0750013078962
2021-03-08,135.35000610351562,135.77499389648438,134.22500610351562,134.22500610351562,1621,0.5572065126231873,136.3500017438616
2021-03-09,137.14999389648438,137.35000610351562,135.47500610351562,135.5,1772,1.329876403250485,136.13214329310827
2021-03-10,136.1999969482422,137.39999389648438,135.64999389648438,137.10000610351562,1087,-0.6926700623546611,135.9892861502511
2021-03-11,135.25,136.10000610351562,134.72500610351562,135.9250030517578,991,-0.6975014460559814,135.80714416503906
2021-03-12,136.35000610351562,136.9250030517578,134.89999389648438,135.0,813,0.8133132003812493,135.71428789411272
2021-03-15,137.02499389648438,137.27499389648438,136.22500610351562,136.3000030517578,530,0.49504053007252136,135.9892861502511
2021-03-16,136.5749969482422,137.25,136.47500610351562,137.0,481,-0.3284050124330862,136.27142769949776
2021-03-17,136.9250030517578,137.1750030517578,136.125,137.0,539,0.2562739237316425,136.49642726353235
2021-03-18,135.52499389648438,137.5500030517578,135.39999389648438,137.3000030517578,1017,-1.022464213306773,136.26428440638952
2021-03-19,134.6750030517578,136.10000610351562,134.52499389648438,135.97500610351562,1002,-0.6271838280810349,136.04642813546317
2021-03-22,135.0749969482422,135.22500610351562,134.625,134.8000030517578,318,0.2970067847933633,136.02142769949776
2021-03-23,135.4499969482422,135.60000610351562,134.97500610351562,135.25,491,0.27762354874876216,135.89285496303015
2021-03-24,135.77499389648438,136.125,135.5749969482422,135.5749969482422,526,0.23993868997012058,135.7142835344587
2021-03-25,136.14999389648438,136.1999969482422,135.875,135.875,3092,0.27619224220765126,135.653568812779
2021-03-26,145.125,145.3000030517578,144.1750030517578,144.89999389648438,2100,6.591998902577534,136.8249969482422
2021-03-29,147.0749969482422,148.1750030517578,144.6999969482422,144.9499969482422,2115,1.3436671477982332,138.4749973842076
2021-03-30,146.8249969482422,147.875,146.5,147.1999969482422,1523,-0.16998130558383284,140.21071079799108
2021-03-31,143.875,146.1999969482422,141.875,146.1999969482422,2939,-2.0091925827058654,141.46785409109933
2021-04-01,143.875,144.85000610351562,143.25,143.8000030517578,1014,0.0,142.67142595563615
2021-04-05,146.4499969482422,147.3000030517578,144.0,144.0,1288,1.789745924060604,144.19642639160156
2021-04-06,146.47500610351562,147.10000610351562,146.0500030517578,146.10000610351562,705,0.01707692440735542,145.67142813546317
2021-04-07,147.625,147.72500610351562,146.1999969482422,146.6999969482422,784,0.785112714500702,146.02857099260603
2021-04-08,147.125,148.0500030517578,146.39999389648438,147.3249969482422,1334,-0.3386960203217604,146.03571428571428
2021-04-09,144.75,147.14999389648438,144.5,146.875,1415,-1.6142735768904015,145.7392861502511
2021-04-12,144.5,145.6750030517578,143.875,145.64999389648438,1154,-0.17271157167529916,145.82857186453683
2021-04-13,142.4499969482422,144.5749969482422,142.25,144.1999969482422,1445,-1.4186872330503864,145.625
2021-04-14,141.14999389648438,142.25,140.64999389648438,142.14999389648438,1193,-0.9126030744880609,144.86785670689173
2021-04-15,140.0500030517578,141.6999969482422,140.0,141.0,623,-0.7793063353111251,143.9499991280692
2021-04-16,139.625,140.25,139.375,140.1999969482422,406,-0.3034652213472211,142.80714198521204
2021-04-19,137.72500610351562,139.64999389648438,137.14999389648438,139.64999389648438,522,-1.3607834531669694,141.46428571428572
2021-04-20,137.5749969482422,138.14999389648438,135.875,137.60000610351562,553,-0.10891933100419804,140.4392852783203
2021-04-21,135.10000610351562,137.77499389648438,134.625,137.75,485,-1.7990121022191885,139.09642900739397
2021-04-22,132.25,134.9499969482422,132.1999969482422,134.625,526,-2.1095529050767836,137.6392865862165
2021-04-23,133.85000610351562,134.47500610351562,132.89999389648438,134.0,372,1.2098344828095353,136.596431187221
2021-04-26,132.75,134.0,132.5500030517578,134.0,403,-0.8218199875649757,135.55357360839844
2021-04-27,134.1999969482422,134.77499389648438,132.60000610351562,133.0,430,1.092276420521432,134.77857317243303
2021-04-28,133.875,134.52499389648438,133.8000030517578,134.47500610351562,237,-0.24217358839995207,134.22857230050224
2021-04-29,134.47500610351562,134.8000030517578,134.1999969482422,134.1999969482422,1743,0.4481838308239894,133.7857164655413
2021-04-30,133.60000610351562,136.47500610351562,132.97500610351562,136.0,2215,-0.6506785352561661,133.57143075125558
2021-05-03,133.0500030517578,133.8000030517578,130.8249969482422,132.0500030517578,1868,-0.41167891214889396,133.6857169015067
2021-05-04,129.75,133.0749969482422,128.75,133.0749969482422,1812,-2.480272811774442,133.1000017438616
2021-05-05,131.47500610351562,131.85000610351562,128.64999389648438,130.0,1578,1.3294844728444222,132.91785975864954
2021-05-06,130.47500610351562,131.9250030517578,128.5,131.14999389648438,1874,-0.7606008393813313,132.3857182094029
2021-05-07,131.72500610351562,134.35000610351562,130.1750030517578,130.22500610351562,2200,0.9580378934861189,132.07857622419084
2021-05-10,135.4499969482422,135.77499389648438,132.97500610351562,132.97500610351562,1515,2.8278539928852098,132.21786063058036
2021-05-11,135.3249969482422,136.0,134.52499389648438,135.1999969482422,1013,-0.09228497808513314,132.46428789411272
2021-05-12,136.75,137.0749969482422,134.9250030517578,134.9499969482422,810,1.0530227850681806,132.99285888671875
2021-05-13,137.4499969482422,139.375,136.02499389648438,137.72500610351562,1213,0.5118807665390745,134.09285845075334
2021-05-14,137.5500030517578,137.9250030517578,136.60000610351562,137.02499389648438,530,0.07275817077920799,134.9607151576451
2021-05-17,137.9250030517578,138.1750030517578,136.875,137.5,718,0.2726281291748789,136.0250004359654
2021-05-18,137.1999969482422,138.72500610351562,136.3249969482422,137.97500610351562,527,-0.5256524107116078,136.80714198521204
2021-05-19,136.5749969482422,137.9499969482422,136.4499969482422,137.5,454,-0.45553936873320433,136.96785627092635
2021-05-20,135.75,136.5749969482422,135.14999389648438,136.5749969482422,591,-0.6040614802684807,137.02857099260603
2021-05-21,137.22500610351562,137.3249969482422,136.22500610351562,136.39999389648438,571,1.0865606655731996,137.09642900739397
2021-05-24,136.27499389648438,136.60000610351562,136.1999969482422,136.39999389648438,562,-0.6923025431054497,136.92857142857142
2021-05-25,136.625,136.72500610351562,136.3249969482422,136.5,569,0.25683809883820796,136.79642813546317
2021-05-26,136.5,136.8000030517578,136.3000030517578,136.5,338,-0.09149130832570851,136.59285627092635
2021-05-27,136.3000030517578,136.5749969482422,136.0749969482422,136.5,4698,-0.14651791080013687,136.46428571428572
2021-05-28,151.35000610351562,153.89999389648438,151.1999969482422,153.4250030517578,3457,11.041821507548178,138.5750013078962
2021-06-01,149.14999389648438,150.25,145.10000610351562,149.10000610351562,8950,-1.4535924138163292,140.4892861502511
2021-06-02,152.3249969482422,153.0500030517578,148.4499969482422,150.60000610351562,4977,2.1287316001912693,142.64642769949776
2021-06-03,152.9499969482422,153.35000610351562,151.02499389648438,152.1999969482422,3216,0.4103069177886498,145.02857099260603
2021-06-04,149.9250030517578,152.75,149.1999969482422,152.6999969482422,4037,-1.9777665621713125,146.92857142857142
2021-06-07,150.1999969482422,150.60000610351562,147.4250030517578,148.5,3636,0.18342097107675315,148.8857138497489
2021-06-08,149.25,150.4250030517578,147.9499969482422,150.22500610351562,3599,-0.632487994370301,150.7357134137835
2021-06-09,148.27499389648438,150.89999389648438,147.5,149.8000030517578,3939,-0.6532704211159923,150.29642595563615
2021-06-10,148.39999389648438,148.8000030517578,146.75,147.75,4157,0.08430281918423432,150.1892830984933
2021-06-11,151.1750030517578,151.89999389648438,148.875,149.39999389648438,4805,1.8699523378748362,150.0249982561384
2021-06-14,154.60000610351562,154.75,152.6750030517578,153.1750030517578,4174,2.2655882140681705,150.2607138497489
2021-06-15,156.8249969482422,157.39999389648438,154.72500610351562,154.8249969482422,5770,1.4391919514134877,151.24642726353235
2021-06-16,157.6999969482422,158.10000610351562,155.6999969482422,156.1750030517578,4596,0.5579467667955917,152.31785583496094
2021-06-17,157.39999389648438,160.14999389648438,156.75,158.3000030517578,5766,-0.19023656154938395,153.48214067731584
2021-06-18,155.02499389648438,157.6999969482422,154.89999389648438,156.25,4081,-1.5088945947240306,154.44642639160156
2021-06-21,155.10000610351562,156.375,153.60000610351562,156.0749969482422,2816,0.048387169801356045,155.40357099260603
2021-06-22,158.35000610351562,159.5,155.22500610351562,155.25,5054,2.095422225728938,156.42857142857142
2021-06-23,155.6999969482422,159.35000610351562,155.4250030517578,158.39999389648438,3775,-1.6735137689486979,156.58571297781808
2021-06-24,157.14999389648438,157.60000610351562,155.8249969482422,157.25,2732,0.9312761571371064,156.63214111328125
2021-06-25,159.5500030517578,159.6750030517578,156.47500610351562,157.02499389648438,2942,1.527209194073742,156.89642769949776
2021-06-28,156.35000610351562,159.64999389648438,156.0500030517578,159.625,5227,-2.0056389138420228,156.74642944335938
2021-06-29,157.39999389648438,158.14999389648438,155.39999389648438,156.6999969482422,3875,0.6715623613558375,157.0857151576451
2021-06-30,154.625,158.625,153.625,157.875,7567,-1.7630203329673466,157.01785714285714
2021-07-01,156.3249969482422,157.77499389648438,152.1999969482422,153.14999389648438,6085,1.0994321411428754,156.72857012067522
2021-07-02,157.0500030517578,158.3249969482422,155.9250030517578,156.5500030517578,3726,0.46378130028408293,156.92142813546317
2021-07-06,160.625,160.9250030517578,157.75,158.1750030517578,5191,2.276343125612046,157.41785757882255
2021-07-07,159.0,161.10000610351562,158.3000030517578,160.5,5175,-1.0116731517509692,157.33928571428572
2021-07-08,157.3249969482422,159.35000610351562,156.75,159.27499389648438,5441,-1.0534610388413967,157.47857012067522
2021-07-09,159.1750030517578,159.77499389648438,156.875,157.5749969482422,5798,1.1759136433508122,157.73214285714286
2021-07-12,158.14999389648438,159.14999389648438,157.60000610351562,158.97500610351562,5555,-0.6439510825328121,158.2357134137835
2021-07-13,158.8249969482422,159.375,157.3000030517578,158.0,5889,0.42681193664770856,158.59285627092635
2021-07-14,156.9499969482422,159.3249969482422,156.3000030517578,159.14999389648438,5977,-1.1805446472704983,158.57856968470983
2021-07-15,157.375,158.27499389648438,156.52499389648438,157.0749969482422,4033,0.2707888244801726,158.1142839704241
2021-07-16,155.625,157.52499389648438,155.5,157.0,3999,-1.1119936457505974,157.63214111328125
2021-07-19,157.375,157.875,154.10000610351562,155.35000610351562,5516,1.1244979919678766,157.63928440638952
2021-07-20,155.52499389648438,156.9499969482422,155.1750030517578,156.8000030517578,4306,-1.1755400181195363,157.11785452706474
2021-07-21,156.77499389648438,156.97500610351562,154.77499389648438,155.14999389648438,2911,0.8037293355124486,156.92142595563615
2021-07-22,158.1999969482422,159.3000030517578,157.3249969482422,157.5,2936,0.9089479236074505,156.83214024135046
2021-07-23,160.0749969482422,160.35000610351562,158.0749969482422,158.3000030517578,3253,1.1852086195762945,157.278568812779
2021-07-26,162.1999969482422,163.14999389648438,160.35000610351562,160.4499969482422,3358,1.3275027584020993,157.96785409109933
2021-07-27,160.6999969482422,162.47500610351562,160.5,161.85000610351562,3086,-0.9247842344156432,158.69285365513392
2021-07-28,160.1750030517578,161.02499389648438,159.6999969482422,160.75,2145,-0.3266919144083502,159.09285409109933
2021-07-29,158.5,160.27499389648438,158.3000030517578,160.27499389648438,1695,-1.0457331168063466,159.51785496303015
2021-07-30,158.1750030517578,159.1750030517578,157.60000610351562,159.02499389648438,1447,-0.20504539321273274,159.71785627092635
2021-08-02,158.25,159.9250030517578,157.875,158.8249969482422,1395,0.04741390661939793,159.7249995640346
2021-08-03,158.89999389648438,160.0,158.125,158.72500610351562,1488,0.4107386391686507,159.55714198521204
2021-08-04,159.1999969482422,159.85000610351562,158.4250030517578,159.3249969482422,1350,0.18879991395925888,159.12857055664062
2021-08-05,157.64999389648438,159.3000030517578,157.35000610351562,159.125,1893,-0.9736200260492045,158.69285583496094
2021-08-06,159.85000610351562,160.1750030517578,156.8000030517578,157.85000610351562,2001,1.3955041498294074,158.64642769949776
2021-08-09,159.3000030517578,160.22500610351562,158.625,160.22500610351562,1131,-0.3440744640332616,158.7607138497489
2021-08-10,159.3249969482422,160.0500030517578,158.625,159.35000610351562,744,0.015689828000975403,158.9249986921038
2021-08-11,158.77499389648438,159.35000610351562,158.375,159.0,771,-0.34520826128525695,158.99999782017298
2021-08-12,158.6999969482422,159.77499389648438,157.3249969482422,158.5,1109,-0.047234735396106675,158.97142682756697
2021-08-13,158.0500030517578,158.75,157.77499389648438,158.6750030517578,527,-0.40957398171618253,158.80714198521204
2021-08-16,157.1999969482422,158.47500610351562,157.0,158.1999969482422,968,-0.537808343627344,158.74285670689173
2021-08-17,156.5749969482422,157.39999389648438,156.5500030517578,157.1999969482422,770,-0.39758270491937475,158.2749982561384
2021-08-18,158.85000610351562,159.14999389648438,156.5500030517578,156.75,687,1.4529836816956632,158.21071297781808
2021-08-19,158.27499389648438,158.5,157.625,158.4250030517578,579,-0.3619843783049914,158.06071254185267
2021-08-20,159.02499389648438,159.39999389648438,157.64999389648438,157.85000610351562,842,0.4738588083538442,158.09642682756697
2021-08-23,158.1999969482422,158.89999389648438,157.5,158.3000030517578,1614,-0.5187844552153931,158.0249982561384
2021-08-24,158.5749969482422,159.0,157.9499969482422,158.4499969482422,1224,0.23704172391525447,158.0999973842076
2021-08-25,159.3000030517578,159.6999969482422,158.8000030517578,159.0,920,0.45720076775550567,158.3999982561384
2021-08-26,159.4499969482422,159.5500030517578,158.85000610351562,159.1750030517578,2356,0.09415812530502166,158.81071254185267
2021-08-27,164.64999389648438,165.35000610351562,163.5749969482422,165.125,1835,3.261208559276496,159.6392822265625
2021-08-30,164.0500030517578,165.39999389648438,163.875,164.5500030517578,1755,-0.36440380623625757,160.4642835344587
2021-08-31,163.0,164.6750030517578,162.8000030517578,164.375,2199,-0.6400506139744078,161.03214154924666
2021-09-01,162.9250030517578,163.8000030517578,162.47500610351562,162.85000610351562,1701,-0.046010397694595806,161.70714242117745
2021-09-02,160.3000030517578,162.9250030517578,159.47500610351562,162.8249969482422,2972,-1.6111707539241849,161.95357186453683
2021-09-03,158.47500610351562,161.0500030517578,158.14999389648438,160.75,1753,-1.1384884051767186,161.8357151576451
2021-09-07,156.27499389648438,159.22500610351562,155.6999969482422,158.97500610351562,1820,-1.3882392316137304,161.38214329310827
2021-09-08,156.0500030517578,157.6999969482422,155.77499389648438,156.35000610351562,1454,-0.1439711108711328,160.15357317243303
2021-09-09,155.75,156.97500610351562,155.5,156.0749969482422,678,-0.19224802684452147,158.96785845075334
2021-09-10,154.25,155.89999389648438,153.25,155.75,1507,-0.9630818619582704,157.71785845075334
2021-09-13,152.1999969482422,153.77499389648438,151.5,152.89999389648438,1009,-1.329013323667949,156.1857147216797
2021-09-14,155.27499389648438,155.60000610351562,152.5,152.5,921,2.0203659723382783,155.46785627092635
2021-09-15,154.72500610351562,155.9499969482422,154.625,155.5,740,-0.3542024244646891,154.93214198521204
2021-09-16,155.875,156.125,154.0749969482422,154.5,571,0.743250186537403,154.875
2021-09-17,154.875,155.625,154.47500610351562,155.5,228,-0.6415396952686447,154.70714242117745
2021-09-20,155.0,155.39999389648438,153.77499389648438,154.1750030517578,327,0.08071025020177647,154.5999995640346
2021-09-21,154.85000610351562,155.875,154.6999969482422,155.47500610351562,344,-0.09677025579637455,154.6857147216797
2021-09-22,154.8000030517578,155.10000610351562,154.5500030517578,154.9499969482422,756,-0.03229128174808693,155.05714416503906
2021-09-23,154.89999389648438,155.5500030517578,154.77499389648438,155.375,567,0.06459356767138935,155.00357273646765
2021-09-24,154.625,155.02499389648438,154.47500610351562,154.8000030517578,530,-0.17752995953514983,154.9892861502511
2021-09-27,154.25,154.8000030517578,154.125,154.5,445,-0.24252223120452276,154.75714329310827
2021-09-28,154.39999389648438,154.64999389648438,154.0500030517578,154.25,311,0.09724077567869749,154.6892852783203
2021-09-29,154.27499389648438,154.4499969482422,153.75,154.0,512,-0.08095855242313821,154.58571297781808
2021-09-30,153.9250030517578,154.3000030517578,153.89999389648438,154.1999969482422,2192,-0.22686168113634775,154.45356968470983
2021-10-01,152.75,153.89999389648438,152.5,153.02499389648438,1063,-0.7633607461178471,154.16071210588728
2021-10-04,155.0,155.52499389648438,152.52499389648438,153.0,1003,1.4729950900163713,154.1749986921038
2021-10-05,156.10000610351562,157.47500610351562,155.0,155.27499389648438,1876,0.7096813571068505,154.3857138497489
2021-10-06,156.8000030517578,157.10000610351562,155.10000610351562,155.97500610351562,994,0.4484285207381644,154.75
2021-10-07,160.35000610351562,160.39999389648438,157.02499389648438,157.02499389648438,1937,2.264032514454728,155.6000017438616
2021-10-08,159.47500610351562,160.60000610351562,159.35000610351562,160.0,1236,-0.5456813013372308,156.34286063058036
2021-10-11,159.3249969482422,159.64999389648438,158.875,159.22500610351562,965,-0.09406436716238309,157.11428833007812
2021-10-12,158.5749969482422,159.39999389648438,158.25,159.22500610351562,905,-0.47073592616708737,157.94643075125558
2021-10-13,157.64999389648438,158.5749969482422,157.52499389648438,158.4499969482422,875,-0.5833221312056658,158.3250013078962
2021-10-14,158.4250030517578,158.5,157.22500610351562,157.60000610351562,561,0.491601132431585,158.65714372907365
2021-10-15,157.5749969482422,158.22500610351562,157.3000030517578,158.1999969482422,425,-0.5365353240598836,158.76785714285714
2021-10-18,155.75,157.5749969482422,155.64999389648438,157.5749969482422,443,-1.1581767308183055,158.1107134137835
2021-10-19,155.10000610351562,157.0,155.0,155.8000030517578,487,-0.41733155472511996,157.4857134137835
2021-10-20,155.9250030517578,156.0500030517578,155.0749969482422,155.3000030517578,538,0.5319129050785243,157.0
2021-10-21,156.25,157.02499389648438,156.125,156.4250030517578,558,0.20843158049148602,156.66785757882255
2021-10-22,155.4250030517578,156.35000610351562,155.1750030517578,156.35000610351562,539,-0.5279980468750001,156.3500017438616
2021-10-25,155.625,156.39999389648438,155.4250030517578,156.0,406,0.12867746135774016,155.9500013078962
2021-10-26,155.97500610351562,156.0500030517578,155.375,155.64999389648438,502,0.2249035203313321,155.721431187221
2021-10-27,156.5,156.60000610351562,155.89999389648438,156.14999389648438,475,0.33658847632034306,155.82857404436385
2021-10-28,156.6750030517578,156.77499389648438,156.0,156.75,1828,0.1118230362669781,156.05357360839844
2021-10-29,156.5749969482422,158.35000610351562,156.1750030517578,157.75,1856,-0.0638302866237006,156.14642987932478
2021-11-01,154.39999389648438,157.35000610351562,152.72500610351562,156.5749969482422,2638,-1.3891126259940378,155.88214329310827
2021-11-02,157.5749969482422,157.8249969482422,154.39999389648438,154.39999389648438,1478,2.056349208074737,156.1892852783203
2021-11-03,159.1750030517578,160.0,157.9499969482422,157.9499969482422,1876,1.0153933901335677,156.69642857142858
2021-11-04,158.02499389648438,159.3249969482422,157.9499969482422,159.0,1367,-0.7224810009267002,156.9892839704241
2021-11-05,158.875,159.52499389648438,157.5749969482422,158.22500610351562,1457,0.5378934575833272,157.32856968470983
2021-11-08,158.5749969482422,158.9250030517578,157.77499389648438,158.5,1263,-0.188829615583197,157.5999973842076
2021-11-09,157.89999389648438,158.6999969482422,157.625,158.6999969482422,892,-0.4256680212821551,157.7892826625279
2021-11-10,156.64999389648438,157.5749969482422,156.3249969482422,157.3000030517578,907,-0.7916403092576907,158.11071123395647
2021-11-11,157.3249969482422,157.60000610351562,156.4499969482422,156.64999389648438,719,0.4308988688527249,158.0749969482422
2021-11-12,156.25,157.5500030517578,155.64999389648438,157.3249969482422,773,-0.6832969770187547,157.65713936941964
2021-11-15,155.9250030517578,156.1999969482422,155.625,156.1999969482422,820,-0.207998046875002,157.35714067731584
2021-11-16,155.64999389648438,156.25,155.5500030517578,155.85000610351562,712,-0.17637271116944797,156.89642551967077
2021-11-17,156.0749969482422,156.1999969482422,155.47500610351562,155.8000030517578,1001,0.27305047762511414,156.5392826625279
2021-11-18,155.9250030517578,156.0749969482422,155.8249969482422,156.0749969482422,6035,-0.09610373180665155,156.25714111328125
2021-11-19,160.9250030517578,162.0749969482422,160.75,161.47500610351562,4132,3.206669810575735,156.86785670689173
2021-11-22,161.6999969482422,161.97500610351562,160.10000610351562,160.77499389648438,3024,0.4815870012661261,157.49285670689173
2021-11-23,164.375,164.75,161.85000610351562,161.97500610351562,6067,1.6543000013871545,158.65357099260603
2021-11-24,166.9250030517578,167.22500610351562,164.22500610351562,164.6750030517578,5632,1.5513326550617768,160.2249995640346
2021-11-26,167.14999389648438,168.1750030517578,164.0,164.0749969482422,5536,0.13478558670854124,161.86785670689173
2021-11-29,165.72500610351562,168.3000030517578,165.1750030517578,167.5,6511,-0.8525203978477225,163.24642944335938
2021-11-30,164.85000610351562,167.10000610351562,163.375,165.1999969482422,7207,-0.5279830850954736,164.52142987932478
2021-12-01,165.8249969482422,166.5,164.9250030517578,165.0,4498,0.5914411941934317,165.22142900739397
2021-12-02,165.77499389648438,165.9250030517578,164.9499969482422,165.39999389648438,4289,-0.030154109861624256,165.80357142857142
2021-12-03,164.125,166.6999969482422,163.1999969482422,165.89999389648438,4573,-0.9953213435282549,165.76785714285714
2021-12-06,165.25,165.5749969482422,162.8249969482422,164.0,5259,0.6854531607006775,165.52857099260603
2021-12-07,165.02499389648438,165.6999969482422,164.25,165.27499389648438,4263,-0.13616103087178422,165.2249995640346
2021-12-08,163.39999389648438,164.97500610351562,163.02499389648438,164.97500610351562,4473,-0.9846993244061686,164.89285496303015
2021-12-09,164.0749969482422,164.3249969482422,163.0,163.39999389648438,5872,0.4130985783178387,164.78213936941964
2021-12-10,164.875,165.5,163.72500610351562,164.0,4443,0.48758376756830035,164.64642551967077
2021-12-13,165.52499389648438,166.0749969482422,163.89999389648438,164.89999389648438,4654,0.3942343572308493,164.61071123395647
2021-12-14,164.5749969482422,165.85000610351562,164.3000030517578,165.375,3026,-0.5739296077765133,164.67499651227678
2021-12-15,163.4250030517578,164.6999969482422,163.1999969482422,164.5,3482,-0.6987658622567339,164.4142826625279
2021-12-16,162.5749969482422,163.77499389648438,161.5,163.77499389648438,4540,-0.5201199863196115,164.0642830984933
2021-12-17,160.25,162.89999389648438,160.0500030517578,162.75,4596,-1.4301073300849398,163.6142839704241
2021-12-20,159.22500610351562,159.97500610351562,158.39999389648438,159.89999389648438,3054,-0.6396217762772993,162.92142813546317
2021-12-21,160.85000610351562,161.35000610351562,159.1999969482422,159.5,3073,1.0205683389602482,162.34642900739397
2021-12-22,161.77499389648438,162.14999389648438,160.02499389648438,160.5500030517578,2815,0.5750623300402324,161.8107147216797
2021-12-23,163.4499969482422,163.72500610351562,161.10000610351562,161.5749969482422,1818,1.0353905825702503,161.6500004359654
2021-12-27,162.39999389648438,163.5,161.875,163.25,1789,-0.6424001660216061,161.50357055664062
2021-12-28,163.5500030517578,164.10000610351562,162.625,162.75,1935,0.7081337429153178,161.64285714285714
2021-12-29,165.875,166.0,164.22500610351562,164.22500610351562,1965,1.4215817210999404,162.44642857142858
2021-12-30,166.3249969482422,167.0,165.5,165.9499969482422,1134,0.2712867811557995,163.46071297781808
2021-12-31,166.875,167.5500030517578,165.9250030517578,166.5,672,0.3306797305572484,164.32142639160156
2022-01-03,166.25,167.35000610351562,166.02499389648438,166.60000610351562,926,-0.3745318352059934,164.96071297781808
2022-01-04,162.6750030517578,165.5500030517578,161.60000610351562,165.5500030517578,2625,-2.150374104205832,164.8499995640346
2022-01-05,162.125,162.89999389648438,161.5,162.60000610351562,1200,-0.3380993031749435,164.8107147216797
2022-01-06,162.5749969482422,162.9499969482422,160.875,161.9250030517578,889,0.2775617259782148,164.67142813546317
2022-01-07,162.10000610351562,162.75,161.6750030517578,162.625,1153,-0.29216721737216345,164.13214329310827
2022-01-10,160.9250030517578,162.25,160.8000030517578,162.0,1159,-0.7248630521379917,163.36071559361048
2022-01-11,162.0749969482422,162.6750030517578,160.60000610351562,160.9499969482422,1022,0.7146148048321033,162.6750008719308
2022-01-12,161.875,162.625,161.0500030517578,162.3000030517578,781,-0.12339778004503144,162.0500008719308
2022-01-13,162.9250030517578,162.97500610351562,161.5749969482422,161.89999389648438,804,0.6486505339044379,162.0857151576451
2022-01-14,162.6999969482422,163.22500610351562,162.02499389648438,162.6999969482422,766,-0.1381040965481195,162.16785757882255
2022-01-18,161.4499969482422,162.47500610351562,161.14999389648438,162.0,698,-0.7682852018722874,162.00714329310827
2022-01-19,161.39999389648438,161.97500610351562,160.8249969482422,161.14999389648438,732,-0.030971231157006507,161.90714154924666
2022-01-20,161.1750030517578,161.8000030517578,160.9250030517578,161.60000610351562,663,-0.13939953732021726,161.94285583496094
2022-01-21,160.27499389648438,161.1999969482422,160.1750030517578,161.1999969482422,500,-0.5584049252255419,161.68571254185267
2022-01-24,158.47500610351562,159.85000610351562,157.64999389648438,159.72500610351562,1048,-1.1230621503759308,161.1999991280692
2022-01-25,158.5500030517578,158.6999969482422,158.1999969482422,158.39999389648438,386,0.047324149142613514,160.5749991280692
2022-01-26,158.72500610351562,158.89999389648438,158.3249969482422,158.4499969482422,486,0.1103771986057156,160.00714329310827
2022-01-27,158.9250030517578,159.125,158.75,159.125,3855,0.1260021676179779,159.64642987932478
2022-01-28,159.625,160.625,158.625,159.5500030517578,5268,0.4404574074566625,159.39285932268416
2022-01-31,163.02499389648438,163.25,159.75,159.875,7188,2.129988345487477,159.65714372907365
2022-02-01,163.6999969482422,164.14999389648438,162.22500610351562,163.5,5422,0.4140488127767794,160.14642987932478
2022-02-02,166.875,167.22500610351562,163.72500610351562,163.89999389648438,8092,1.9395254190271327,161.34642900739397
2022-02-03,166.72500610351562,167.9499969482422,166.10000610351562,166.875,4344,-0.08988398291198685,162.5142865862165
2022-02-04,166.10000610351562,167.1750030517578,165.72500610351562,166.35000610351562,3723,-0.37486878219812336,163.56785801478796
2022-02-07,165.02499389648438,166.0749969482422,164.4499969482422,165.4499969482422,5670,-0.6472078070613008,164.4392852783203
2022-02-08,166.875,167.3000030517578,164.3000030517578,165.25,5048,1.12104600632561,165.4749995640346
2022-02-09,168.27499389648438,168.85000610351562,166.625,166.89999389648438,6558,0.8389476533239737,166.2249995640346
2022-02-10,166.72500610351562,169.0,166.52499389648438,167.875,5987,-0.9211040553786853,166.65714372907365
2022-02-11,166.22500610351562,168.60000610351562,166.0500030517578,166.5,4537,-0.2998950257585009,166.56428745814733
2022-02-14,166.875,167.8000030517578,165.6999969482422,166.14999389648438,4310,0.3910325598541986,166.5857151576451
2022-02-15,168.72500610351562,169.375,167.14999389648438,167.1999969482422,5502,1.1086178897471877,166.9607151576451
2022-02-16,167.4499969482422,168.77499389648438,166.89999389648438,168.4250030517578,3740,-0.755672905112359,167.30714416503906
2022-02-17,166.1999969482422,167.39999389648438,165.89999389648438,167.39999389648438,3202,-0.7464915036017428,167.2107151576451
2022-02-18,165.4250030517578,166.22500610351562,165.1750030517578,166.22500610351562,3329,-0.46630199200649036,166.80357360839844
2022-02-22,164.22500610351562,165.72500610351562,163.25,165.125,4453,-0.7254024035693862,166.44643075125558
2022-02-23,162.77499389648438,164.3249969482422,162.625,164.22500610351562,4908,-0.8829423980153628,165.95357186453683
2022-02-24,159.10000610351562,160.3000030517578,156.52499389648438,160.0,8051,-2.257710293821813,164.84285845075334
2022-02-25,160.02499389648438,162.35000610351562,159.3000030517578,161.85000610351562,3163,0.5813876539809248,163.5999995640346
2022-02-28,157.72500610351562,159.85000610351562,156.22500610351562,158.10000610351562,3802,-1.437267852330959,162.2107151576451
2022-03-01,156.27499389648438,157.85000610351562,156.0,156.10000610351562,2557,-0.9193293079219123,160.79285757882255
2022-03-02,158.3000030517578,159.1750030517578,156.6999969482422,156.6999969482422,1909,1.2957985822189766,159.7750004359654
2022-03-03,156.35000610351562,157.77499389648438,155.9250030517578,157.5,1369,-1.231836330163949,158.6500004359654
2022-03-04,153.125,155.77499389648438,150.1750030517578,154.52499389648438,2460,-2.06268370810323,157.27142987932478
2022-03-07,154.60000610351562,155.8000030517578,152.3249969482422,153.22500610351562,1750,0.9632692920918284,156.62857273646765
2022-03-08,154.02499389648438,155.625,152.625,154.1999969482422,2538,-0.3719354361773064,155.77142987932478
2022-03-09,154.0500030517578,155.02499389648438,153.5500030517578,155.02499389648438,959,0.016237075971092807,155.24642944335938
2022-03-10,151.64999389648438,153.8000030517578,151.3249969482422,152.77499389648438,1397,-1.5579416473410101,154.5857151576451
2022-03-11,153.27499389648438,153.9250030517578,152.0,152.0500030517578,939,1.0715463668987901,153.86785670689173
2022-03-14,155.9499969482422,156.6999969482422,153.64999389648438,154.3000030517578,1481,1.7452312237992373,153.81071254185267
2022-03-15,156.35000610351562,157.14999389648438,155.64999389648438,157.0,841,0.25649834119982895,154.27142769949776
2022-03-16,157.25,157.9499969482422,156.5,156.85000610351562,1099,0.5756276695560336,154.6499982561384
2022-03-17,156.5500030517578,157.1999969482422,156.25,157.0,601,-0.4451490926818402,155.0107138497489
2022-03-18,157.0,157.6999969482422,156.39999389648438,156.39999389648438,578,0.2874461446630727,155.43214198521204
2022-03-21,156.10000610351562,157.1999969482422,155.4250030517578,156.875,581,-0.5732445200537395,156.06785801478796
2022-03-22,156.3249969482422,157.35000610351562,156.02499389648438,156.60000610351562,373,0.1441325021969364,156.50357273646765
2022-03-23,156.10000610351562,156.4499969482422,155.22500610351562,156.0,936,-0.14392505940752365,156.5250026157924
2022-03-24,156.77499389648438,157.0749969482422,156.22500610351562,156.52499389648438,633,0.432407281599434,156.5857151576451
2022-03-25,156.4250030517578,156.9499969482422,156.3000030517578,156.77499389648438,624,-0.2232440493396881,156.46785845075334
2022-03-28,156.10000610351562,156.4499969482422,155.97500610351562,156.39999389648438,573,-0.20776534562997329,156.40357317243303
2022-03-29,156.6999969482422,156.89999389648438,156.3000030517578,156.4250030517578,761,0.3843631142004478,156.36071559361048
2022-03-30,155.97500610351562,156.60000610351562,155.875,156.5,703,-0.4626616840114117,156.34285845075334
2022-03-31,155.89999389648438,156.125,155.8249969482422,156.0500030517578,1364,-0.048092453339265706,156.28214372907365
2022-04-01,161.5749969482422,162.5749969482422,160.9250030517578,162.02499389648438,893,3.6401560448590775,157.0642852783203
2022-04-04,158.375,161.6999969482422,158.0,161.14999389648438,1504,-1.980502558367525,157.29285757882255
2022-04-05,156.125,157.75,155.14999389648438,157.60000610351562,2191,-1.420678768745065,157.25
2022-04-06,157.10000610351562,157.3249969482422,155.0749969482422,156.60000610351562,1129,0.6245035090572504,157.39285714285714
2022-04-07,156.39999389648438,158.1750030517578,156.02499389648438,157.47500610351562,1355,-0.4455838191183781,157.3499995640346
2022-04-08,156.5500030517578,157.6750030517578,156.10000610351562,156.47500610351562,757,0.09591378588718058,157.43214198521204
2022-04-11,156.64999389648438,157.0,154.25,156.3249969482422,831,0.06387150608582193,157.5392848423549
2022-04-12,157.75,158.0500030517578,156.0,156.5749969482422,906,0.7022062855888356,156.99285670689173
2022-04-13,158.5500030517578,159.5,158.35000610351562,158.35000610351562,757,0.5071334717957621,157.01785714285714
2022-04-14,158.1999969482422,158.72500610351562,157.6999969482422,158.0,512,-0.2207543972114423,157.3142852783203
2022-04-18,155.77499389648438,157.64999389648438,155.35000610351562,157.5500030517578,973,-1.5328717437024908,157.12499782017298
2022-04-19,156.64999389648438,157.0,155.89999389648438,156.22500610351562,660,0.5617076130854937,157.16071210588728
2022-04-20,157.5,158.0,156.75,156.75,771,0.5426148334721992,157.29642595563615
2022-04-21,158.4499969482422,158.5,157.47500610351562,157.64999389648438,788,0.6031726655505887,157.55356924874442
2022-04-22,157.9499969482422,159.3000030517578,157.5500030517578,157.60000610351562,905,-0.3155569641085765,157.58214024135046
2022-04-25,156.5500030517578,157.39999389648438,156.27499389648438,157.39999389648438,1218,-0.8863525948298201,157.29642595563615
2022-04-26,156.1999969482422,156.64999389648438,155.9250030517578,156.5,1054,-0.2235746385772397,157.01071166992188
2022-04-27,156.1999969482422,156.77499389648438,156.14999389648438,156.5,796,0.0,157.07142639160156
2022-04-28,155.9250030517578,156.14999389648438,155.5,156.0500030517578,2929,-0.17605243396738857,156.96785627092635
2022-04-29,156.35000610351562,159.4499969482422,156.22500610351562,158.35000610351562,3015,0.2725688910948598,156.80357142857142
2022-05-02,161.4250030517578,161.875,157.875,158.125,2323,3.2459205309414374,157.22857230050224
2022-05-03,162.39999389648438,162.625,160.4499969482422,161.125,2086,0.6039899806685733,157.8642861502511
2022-05-04,162.25,162.85000610351562,161.5,161.9499969482422,1519,-0.09236077716848756,158.67857142857142
2022-05-05,160.3249969482422,162.0,159.8249969482422,162.0,1269,-1.1864425588645977,159.26785714285714
2022-05-06,159.5500030517578,161.10000610351562,159.10000610351562,160.3249969482422,1503,-0.4833893099867481,159.74642944335938
2022-05-09,159.8000030517578,159.9499969482422,157.3249969482422,159.75,1268,0.15669068957580023,160.3000008719308
2022-05-10,158.9250030517578,160.39999389648438,158.8000030517578,159.625,917,-0.5475594388547056,160.66785757882255
2022-05-11,158.14999389648438,159.375,157.35000610351562,158.8000030517578,1212,-0.4876571592835166,160.1999991280692
2022-05-12,156.875,158.35000610351562,156.64999389648438,158.1999969482422,1139,-0.8061928205440938,159.41071428571428
2022-05-13,157.875,158.60000610351562,156.6999969482422,156.97500610351562,847,0.6374501992031822,158.78571428571428
2022-05-16,157.39999389648438,157.5,156.72500610351562,156.77499389648438,649,-0.30087480824425583,158.36785670689173
2022-05-17,157.1750030517578,157.8249969482422,157.02499389648438,157.375,849,-0.14294209240854894,158.02857099260603
2022-05-18,155.85000610351562,156.85000610351562,155.5500030517578,156.5500030517578,1350,-0.8430074264454523,157.46428571428572
2022-05-19,154.125,155.14999389648438,154.0500030517578,155.0749969482422,1453,-1.1068373666728526,156.77857099260603
2022-05-20,153.39999389648438,154.25,153.22500610351562,153.9499969482422,1367,-0.4704013648114347,156.0999995640346
2022-05-23,153.4499969482422,153.6750030517578,153.0,153.10000610351562,838,0.03259651482878656,155.6107134137835
2022-05-24,154.5,154.60000610351562,153.60000610351562,153.60000610351562,1018,0.6842639769566006,155.12857055664062
2022-05-25,154.60000610351562,155.125,154.4250030517578,154.85000610351562,1118,0.06472886958939217,154.72857230050224
2022-05-26,154.5749969482422,154.77499389648438,154.3249969482422,154.60000610351562,3605,-0.01617668453175458,154.35714285714286
2022-05-27,166.3249969482422,167.4499969482422,165.6999969482422,166.625,3348,7.601488100908305,155.85357012067522
2022-05-31,165.125,168.375,164.75,166.77499389648438,6216,-0.721477210437349,157.4249986921038
2022-06-01,169.72500610351562,170.22500610351562,165.02499389648438,165.27499389648438,8198,2.7857720536052177,159.75714329310827
2022-06-02,172.9499969482422,173.60000610351562,169.27499389648438,169.72500610351562,8807,1.9001271048767254,162.54285757882255
2022-06-03,173.875,174.27499389648438,172.14999389648438,173.0,6283,0.5348384319628696,165.3107147216797
2022-06-06,171.97500610351562,174.1750030517578,171.6999969482422,172.75,5394,-1.0927355263749106,167.79285757882255
2022-06-07,172.4499969482422,172.6750030517578,171.0,171.5,4356,0.2761976030636992,170.34642900739397
2022-06-08,175.64999389648438,176.5749969482422,171.9250030517578,172.0,7482,1.8556085850222503,171.67857142857142
2022-06-09,176.02499389648438,176.875,175.5500030517578,175.89999389648438,6607,0.21349274866528933,173.2357134137835
2022-06-10,174.47500610351562,176.5,174.02499389648438,175.75,5328,-0.8805498348037233,173.9142848423549
2022-06-13,171.3249969482422,173.75,169.39999389648438,173.5,7674,-1.805421432915466,173.68214198521204
2022-06-14,171.3000030517578,172.8000030517578,170.72500610351562,171.4499969482422,4509,-0.01458858714699085,173.3142852783203
2022-06-15,173.27499389648438,173.85000610351562,172.3000030517578,172.52499389648438,5324,1.1529426792419972,173.49999782017298
2022-06-16,171.3000030517578,173.0500030517578,170.5500030517578,172.6750030517578,5027,-1.1398014221869923,173.33571297781808
2022-06-17,172.9499969482422,173.6999969482422,170.6999969482422,171.02499389648438,6219,0.9632188365961802,172.9499991280692
2022-06-21,175.3000030517578,176.10000610351562,174.14999389648438,174.5,7764,1.3587777652398048,172.84642900739397
2022-06-22,173.14999389648438,175.35000610351562,172.875,174.9499969482422,5848,-1.2264741117195777,172.65714154924666
2022-06-23,174.85000610351562,175.875,173.4499969482422,174.27499389648438,6972,0.9818147657848497,173.16071428571428
2022-06-24,172.5,174.85000610351562,172.1999969482422,174.1999969482422,6895,-1.344012594500199,173.33214242117745
2022-06-27,174.125,175.75,172.6750030517578,173.875,6754,0.9420289855072372,173.45357186453683
2022-06-28,171.8249969482422,173.9499969482422,171.64999389648438,173.35000610351562,6844,-1.3208919177360001,173.52857099260603
2022-06-29,170.72500610351562,172.6750030517578,170.3249969482422,171.64999389648438,6846,-0.6401809191114993,173.2107151576451
2022-06-30,173.60000610351562,174.125,170.5749969482422,171.5,8744,1.68399466816056,172.96785845075334
2022-07-01,174.5,175.5749969482422,173.5500030517578,173.60000610351562,8173,0.5184296456462789,173.1607164655413
2022-07-05,172.6999969482422,176.3249969482422,172.4499969482422,175.0,6647,-1.0315203735001832,172.85357230050224
2022-07-06,173.3000030517578,173.89999389648438,172.0749969482422,173.22500610351562,7525,0.34742681767125916,172.96785845075334
2022-07-07,172.47500610351562,173.77499389648438,171.60000610351562,173.60000610351562,6594,-0.47605131778087895,172.73214503696985
2022-07-08,171.72500610351562,173.60000610351562,171.52499389648438,172.52499389648438,6947,-0.4348456144131818,172.71786063058036
2022-07-11,174.875,175.27499389648438,170.0,171.1999969482422,9553,1.834324521488484,173.3107169015067
2022-07-12,179.5749969482422,179.89999389648438,175.1750030517578,175.3000030517578,11489,2.6876322791949514,174.16428702218192
2022-07-13,180.8000030517578,181.0,178.1750030517578,179.25,8960,0.6821696362710794,175.06428745814733
2022-07-14,178.89999389648438,180.35000610351562,178.4499969482422,179.89999389648438,7190,-1.0508900017714762,175.9500013078962
2022-07-15,176.35000610351562,179.02499389648438,176.0749969482422,178.85000610351562,6679,-1.4253705310041664,176.3857160295759
2022-07-18,176.6750030517578,177.22500610351562,175.27499389648438,176.14999389648438,6024,0.1842908630530049,176.98571559361048
2022-07-19,178.75,179.4499969482422,177.77499389648438,178.0,4748,1.174471154606005,177.9892861502511
2022-07-20,177.8249969482422,179.64999389648438,177.625,178.8249969482422,5587,-0.5174842247596123,178.41071428571428
2022-07-21,178.27499389648438,178.6750030517578,176.375,178.6750030517578,5248,0.25305606971171013,178.2249995640346
2022-07-22,181.5500030517578,181.8249969482422,178.3249969482422,178.5500030517578,5524,1.8370547005459814,178.33214242117745
2022-07-25,179.3000030517578,181.1750030517578,178.6999969482422,179.60000610351562,3855,-1.2393279879805652,178.3892865862165
2022-07-26,177.4250030517578,178.5749969482422,177.0,178.3000030517578,2626,-1.045733389897796,178.54285757882255
2022-07-27,179.10000610351562,179.35000610351562,177.0,177.0,1953,0.9440625745792852,178.8892865862165
2022-07-28,177.4250030517578,178.64999389648438,177.3000030517578,178.47500610351562,1490,-0.9352333861952555,178.7000013078962
2022-07-29,178.5749969482422,178.9499969482422,175.75,176.85000610351562,2311,0.648157743668687,178.80714416503906
2022-08-01,179.64999389648438,180.3249969482422,179.125,179.4499969482422,1449,0.6019862615782356,179.00357273646765
2022-08-02,178.125,180.14999389648438,177.89999389648438,179.89999389648438,1817,-0.8488694396299734,178.5142865862165
2022-08-03,179.35000610351562,179.625,177.77499389648438,178.0,1576,0.6877227247807038,178.52142987932478
2022-08-04,179.0749969482422,179.6999969482422,177.89999389648438,179.14999389648438,1176,-0.1533365742484083,178.75714329310827
2022-08-05,179.52499389648438,180.6999969482422,178.9499969482422,179.1750030517578,1546,0.2512896584732305,178.81785583496094
2022-08-08,181.27499389648438,181.9499969482422,179.77499389648438,179.8249969482422,2244,0.9747946299940136,179.36785452706474
2022-08-09,178.8000030517578,180.35000610351562,178.5,180.3000030517578,1812,-1.3653239156305674,179.3999982561384
2022-08-10,180.6750030517578,181.0749969482422,178.64999389648438,179.3000030517578,1542,1.0486577002223108,179.54642813546317
2022-08-11,179.9499969482422,181.0500030517578,179.1750030517578,180.6750030517578,1358,-0.4012763754086879,179.80714198521204
2022-08-12,179.625,181.1750030517578,179.125,180.27499389648438,1430,-0.18060403098293376,179.84642682756697
2022-08-15,179.9250030517578,181.39999389648438,179.0,180.60000610351562,1239,0.16701631273920992,179.96785627092635
2022-08-16,181.52499389648438,182.5,180.1999969482422,180.1999969482422,1529,0.8892543101785,180.25357055664062
2022-08-17,183.25,183.72500610351562,181.125,181.8000030517578,1293,0.9502857245649254,180.53571428571428
2022-08-18,181.52499389648438,183.3249969482422,181.27499389648438,183.14999389648438,1170,-0.941340302054916,180.9249986921038
2022-08-19,181.5,182.0749969482422,180.85000610351562,181.35000610351562,845,-0.013768845792461182,181.04285539899553
2022-08-22,181.39999389648438,181.875,181.0500030517578,181.0500030517578,1039,-0.05509978155130435,181.24999782017298
2022-08-23,180.89999389648438,181.4250030517578,180.5,181.0749969482422,783,-0.27563396737781964,181.43213980538505
2022-08-24,181.22500610351562,181.64999389648438,180.5,180.60000610351562,662,0.17966402321563102,181.61785452706474
2022-08-25,181.875,181.89999389648438,181.3249969482422,181.3249969482422,3101,0.35866678140052954,181.66785539899553
2022-08-26,182.1999969482422,184.60000610351562,181.89999389648438,184.3249969482422,2193,0.17869248013315797,181.51785496303015
2022-08-29,179.9250030517578,181.625,179.52499389648438,181.5,3261,-1.2486245524639839,181.2892848423549
2022-08-30,182.1750030517578,182.64999389648438,180.85000610351562,181.3000030517578,2390,1.2505210292272473,181.3857138497489
2022-08-31,182.4499969482422,183.0,182.0749969482422,182.77499389648438,1672,0.15095040037202967,181.53571428571428
2022-09-01,183.14999389648438,184.14999389648438,182.625,182.6999969482422,1197,0.3836650917789619,181.85714285714286
2022-09-02,183.875,184.0500030517578,182.22500610351562,182.9250030517578,1856,0.3958537415651664,182.2357134137835
2022-09-06,184.1750030517578,185.3000030517578,183.4250030517578,183.4250030517578,2166,0.16315597648284275,182.5642852783203
2022-09-07,182.02499389648438,183.97500610351562,181.8000030517578,183.5,2657,-1.1673729440195735,182.5392848423549
2022-09-08,182.3249969482422,182.875,181.4250030517578,182.8000030517578,1303,0.1648142078380932,182.88214111328125
2022-09-09,183.0,183.64999389648438,182.22500610351562,182.64999389648438,1859,0.3702196972746652,182.99999782017298
2022-09-12,181.52499389648438,183.625,181.0,182.72500610351562,1637,-0.8060142642161927,182.86785452706474
2022-09-13,179.4499969482422,181.72500610351562,178.5,181.52499389648438,1613,-1.1430915951031295,182.3392835344587
2022-09-14,179.97500610351562,180.47500610351562,178.8000030517578,179.4499969482422,1050,0.2925657086663813,181.78214154924666
2022-09-15,179.35000610351562,179.85000610351562,178.9250030517578,179.64999389648438,693,-0.34727044245272953,181.09285627092635
2022-09-16,179.1999969482422,179.47500610351562,178.3000030517578,179.0,769,-0.08364045172479795,180.6892852783203
2022-09-19,179.9499969482422,180.02499389648438,178.89999389648438,179.4499969482422,841,0.41852679284175576,180.3499995640346
2022-09-20,178.8000030517578,180.35000610351562,178.64999389648438,179.60000610351562,954,-0.6390630263890196,179.75
2022-09-21,178.1750030517578,179.52499389648438,178.0500030517578,178.77499389648438,661,-0.34955256674077395,179.27142987932478
2022-09-22,178.1999969482422,178.97500610351562,178.0500030517578,178.60000610351562,702,0.01402772333731761,179.09285845075334
2022-09-23,178.125,178.8000030517578,177.5749969482422,178.6999969482422,672,-0.04208583026180657,178.82857186453683
2022-09-26,176.875,178.60000610351562,176.75,177.9499969482422,824,-0.7017543859649145,178.4749995640346
2022-09-27,175.6999969482422,177.0,175.0500030517578,177.0,824,-0.6643126794390497,177.9749995640346
2022-09-28,175.375,175.97500610351562,174.9250030517578,175.6999969482422,634,-0.18497265446050237,177.32142857142858
2022-09-29,175.97500610351562,176.0749969482422,175.3249969482422,175.375,3132,0.3421275002227331,176.91785757882255
2022-09-30,174.1750030517578,178.1999969482422,174.0,177.4250030517578,2786,-1.0228742658482837,176.34642900739397
2022-10-03,175.52499389648438,176.5500030517578,174.4250030517578,174.52499389648438,1387,0.7750772619911528,175.96428571428572
2022-10-04,174.64999389648438,176.10000610351562,174.25,175.9499969482422,1417,-0.49850450387483036,175.46785627092635
2022-10-05,176.5500030517578,176.9499969482422,174.125,175.3000030517578,1922,1.0878953459337426,175.42142813546317
2022-10-06,175.72500610351562,177.25,175.3249969482422,177.0749969482422,1692,-0.4672879829972776,175.4250008719308
2022-10-07,174.72500610351562,175.9499969482422,174.5500030517578,175.4250030517578,1541,-0.5690709718404685,175.33214460100447
2022-10-10,172.10000610351562,174.77499389648438,171.4499969482422,174.27499389648438,1704,-1.502360800287983,174.77857317243303
2022-10-11,175.0749969482422,175.39999389648438,172.4250030517578,172.60000610351562,1778,1.7286407549208072,174.90714372907365
2022-10-12,175.5,176.625,175.0,175.60000610351562,1521,0.24275485315785605,174.90357317243303
2022-10-13,174.75,176.1750030517578,174.4499969482422,175.39999389648438,1484,-0.42735042735042583,174.91785975864954
2022-10-14,173.8000030517578,175.14999389648438,173.14999389648438,175.0,660,-0.5436320161614772,174.5250026157924
2022-10-17,174.75,175.1999969482422,173.77499389648438,173.875,1319,0.5466035279408255,174.3857160295759
2022-10-18,174.8249969482422,175.60000610351562,174.5,174.89999389648438,1204,0.04291670857921037,174.4000004359654
2022-10-19,175.22500610351562,175.47500610351562,174.6999969482422,175.0749969482422,1103,0.22880546961592252,174.84642900739397
2022-10-20,175.5749969482422,175.6999969482422,175.02499389648438,175.02499389648438,704,0.1997379555060741,174.91785757882255
2022-10-21,175.27499389648438,176.39999389648438,175.0749969482422,175.4499969482422,883,-0.17086889191075816,174.8857138497489
2022-10-24,175.6750030517578,175.77499389648438,175.14999389648438,175.14999389648438,919,0.22821803976764699,175.01785714285714
2022-10-25,176.60000610351562,177.3249969482422,176.3000030517578,176.3000030517578,1114,0.5265422147084253,175.41785757882255
2022-10-26,176.4250030517578,176.72500610351562,176.02499389648438,176.4499969482422,653,-0.09909572237229991,175.65714372907365
2022-10-27,175.97500610351562,176.25,175.8000030517578,176.1750030517578,1914,-0.2550641578337842,175.82143075125558
2022-10-28,177.875,178.9250030517578,177.6999969482422,178.0,1322,1.0796953150078226,176.2000013078962
2022-10-31,177.625,177.9250030517578,175.75,176.5749969482422,2427,-0.14054813773717312,176.49285888671875
2022-11-01,176.9250030517578,178.14999389648438,176.6750030517578,177.25,1963,-0.3940869518604839,176.72857448032923
2022-11-02,178.9250030517578,179.22500610351562,177.89999389648438,177.97500610351562,2482,1.130422475909132,177.19286019461495
2022-11-03,178.0,179.1999969482422,177.25,179.0,3369,-0.5169780835438842,177.39285932268416
2022-11-04,177.8249969482422,178.8249969482422,177.5,177.625,1479,-0.09831632121225509,177.59285845075334
2022-11-07,178.22500610351562,178.4499969482422,177.52499389648438,178.10000610351562,597,0.22494540258020113,177.91428702218192
2022-11-08,178.27499389648438,178.625,177.72500610351562,178.35000610351562,691,0.028047575400114155,177.97142900739397
2022-11-09,177.72500610351562,178.25,177.4499969482422,178.125,824,-0.3085052933941457,177.98571559361048
2022-11-10,178.625,178.75,177.5,177.6999969482422,1315,0.5063968859622126,178.22857230050224
2022-11-11,176.9499969482422,178.1999969482422,176.85000610351562,178.1750030517578,1234,-0.9377203928665145,177.94642857142858
2022-11-14,176.9499969482422,177.3000030517578,176.4499969482422,176.85000610351562,1088,0.0,177.79642813546317
2022-11-15,175.6750030517578,176.9250030517578,175.52499389648438,176.8249969482422,1364,-0.7205390892757735,177.4892861502511
2022-11-16,175.6999969482422,176.10000610351562,175.3000030517578,175.89999389648438,947,0.014227349395290467,177.12857055664062
2022-11-17,175.85000610351562,176.0500030517578,175.5749969482422,175.64999389648438,10831,0.08537800676093887,176.78214372907365
2022-11-18,180.77499389648438,181.1999969482422,179.27499389648438,179.97500610351562,7579,2.800675360835414,177.21785627092635
2022-11-21,182.625,183.0749969482422,181.5,181.5,7541,1.0233750053809887,177.7892848423549
2022-11-22,181.6750030517578,182.5,181.1999969482422,182.47500610351562,6347,-0.5201899785035935,178.46428571428572
2022-11-23,179.25,182.0500030517578,179.0500030517578,182.0500030517578,6910,-1.3348028132780354,178.79285757882255
2022-11-25,178.3000030517578,180.1999969482422,178.22500610351562,180.1999969482422,4045,-0.529984350483792,179.16785757882255
2022-11-28,176.875,179.25,176.6999969482422,178.9250030517578,7452,-0.7992165044125921,179.3357151576451
2022-11-29,178.0,178.35000610351562,176.75,177.52499389648438,6208,0.6360424028268641,179.64285714285714
2022-11-30,180.47500610351562,180.75,177.0500030517578,178.1999969482422,9193,1.39045286714361,179.6000017438616
2022-12-01,181.0749969482422,181.47500610351562,180.0500030517578,180.8000030517578,6292,0.3324509347196969,179.37857273646765
2022-12-02,182.4499969482422,182.9499969482422,180.9250030517578,181.14999389648438,6921,0.7593538716960557,179.4892861502511
2022-12-05,183.77499389648438,184.1999969482422,181.9499969482422,182.35000610351562,6707,0.7262247028801294,180.1357138497489
2022-12-06,181.8000030517578,183.14999389648438,180.3000030517578,182.97500610351562,8528,-1.074678770409332,180.6357138497489
2022-12-07,180.89999389648438,182.25,180.75,181.5,6923,-0.49505453254431453,181.21071297781808
2022-12-08,183.47500610351562,183.8000030517578,181.10000610351562,181.3000030517578,8257,1.4234451597078257,181.99285670689173
2022-12-09,183.9250030517578,184.89999389648438,182.85000610351562,183.125,6974,0.24526335101375807,182.4857134137835
2022-12-12,183.64999389648438,183.9499969482422,182.72500610351562,183.64999389648438,5406,-0.14952244159868178,182.85357012067522
2022-12-13,184.22500610351562,184.4499969482422,183.0749969482422,183.4499969482422,5435,0.31310221951619255,183.10714285714286
2022-12-14,183.60000610351562,184.5500030517578,183.3249969482422,184.39999389648438,4871,-0.3392590469769363,183.08214460100447
2022-12-15,183.0500030517578,184.22500610351562,182.8249969482422,183.3249969482422,4141,-0.2995659223713254,183.2607160295759
2022-12-16,183.77499389648438,184.4499969482422,183.125,183.125,6031,0.39606164033856306,183.67143031529017
2022-12-19,182.10000610351562,184.4499969482422,181.60000610351562,184.02499389648438,5708,-0.911434008215628,183.4750017438616
2022-12-20,183.625,184.0,181.25,182.27499389648438,4481,0.8374485696708289,183.43214416503906
2022-12-21,183.8249969482422,184.0749969482422,182.875,183.75,3947,0.10891596909037293,183.45714460100447
2022-12-22,183.97500610351562,184.3000030517578,183.4499969482422,183.60000610351562,2378,0.08160432898887127,183.42143031529017
2022-12-23,184.0,184.4499969482422,183.4499969482422,183.9499969482422,1944,0.013585484796951874,183.47857230050224
2022-12-27,183.10000610351562,184.22500610351562,182.6999969482422,183.5500030517578,1920,-0.4891271176545531,183.48571559361048
2022-12-28,183.47500610351562,183.77499389648438,182.375,182.9250030517578,1554,0.20480611004896065,183.44286019461495
2022-12-29,183.8000030517578,184.375,183.4499969482422,183.47500610351562,2538,0.1771341803683102,183.6857169015067
2022-12-30,183.6999969482422,184.0500030517578,183.02499389648438,183.8000030517578,1192,-0.05441028392554337,183.69643075125558
2023-01-03,182.6999969482422,183.5,182.4499969482422,183.5,1448,-0.5443658228702963,183.5357164655413
2023-01-04,185.22500610351562,185.64999389648438,182.6750030517578,182.8000030517578,3479,1.382052105884135,183.71428789411272
2023-01-05,183.8000030517578,185.1999969482422,183.5,185.10000610351562,2422,-0.7693362153063821,183.6857169015067
2023-01-06,182.6999969482422,184.14999389648438,182.1999969482422,183.9499969482422,2333,-0.5984799158060161,183.62857273646765
2023-01-09,183.625,183.8000030517578,182.39999389648438,182.9250030517578,1714,0.5062961506342445,183.6500004359654
2023-01-10,184.3000030517578,184.72500610351562,183.5,183.5500030517578,1930,0.3675986667162956,183.72142900739397
2023-01-11,183.125,184.39999389648438,182.89999389648438,184.39999389648438,2015,-0.6375491222470719,183.6392865862165
2023-01-12,182.125,183.4250030517578,182.02499389648438,183.0,1430,-0.5460750853242269,183.55714416503906
2023-01-13,181.25,182.22500610351562,180.77499389648438,182.10000610351562,1490,-0.48043925875085325,182.9892861502511
2023-01-17,179.64999389648438,181.1999969482422,179.52499389648438,181.0500030517578,1731,-0.882761988146552,182.39642769949776
2023-01-18,179.5,180.39999389648438,179.10000610351562,179.6750030517578,1442,-0.08349229144466452,181.9392852783203
2023-01-19,178.10000610351562,179.10000610351562,177.5500030517578,179.10000610351562,1366,-0.7799408894063387,181.1500004359654
2023-01-20,177.9250030517578,178.5500030517578,177.5500030517578,177.77499389648438,1164,-0.09826111496935575,180.2392861502511
2023-01-23,179.1750030517578,179.52499389648438,178.0749969482422,178.0749969482422,1387,0.7025431943572302,179.6750008719308
2023-01-24,178.9499969482422,179.14999389648438,178.77499389648438,178.9499969482422,602,-0.12557895894140803,179.22142900739397
2023-01-25,179.39999389648438,179.5,178.9499969482422,179.0500030517578,898,0.25146518911220994,178.95714242117745
2023-01-26,179.5749969482422,179.72500610351562,179.47500610351562,179.5,6296,0.09754908456618416,178.94642857142858
2023-01-27,183.47500610351562,183.77499389648438,182.6999969482422,182.8249969482422,4891,2.171799650035644,179.5142865862165
2023-01-30,183.9250030517578,184.75,183.14999389648438,183.25,6865,0.24526335101375807,180.34642900739397
2023-01-31,186.14999389648438,186.39999389648438,184.375,184.4499969482422,9193,1.2097272300169104,181.52142769949776
2023-02-01,183.25,186.5749969482422,182.6999969482422,186.1999969482422,11222,-1.557880199607753,182.10357012067522
2023-02-02,185.9250030517578,186.47500610351562,183.4499969482422,183.5749969482422,11062,1.4597560991857161,183.0999995640346
2023-02-03,186.10000610351562,186.4499969482422,185.4250030517578,185.9250030517578,7196,0.09412561456787483,184.05714416503906
2023-02-06,187.6999969482422,187.85000610351562,185.4499969482422,186.47500610351562,8669,0.8597478733217256,185.21785845075334
2023-02-07,187.1999969482422,188.5749969482422,186.97500610351562,187.64999389648438,10770,-0.26638252963737674,185.75
2023-02-08,186.4499969482422,187.625,186.27499389648438,186.77499389648438,5521,-0.40064103217232194,186.1107134137835
2023-02-09,186.8249969482422,187.3249969482422,185.60000610351562,186.5,6485,0.2011263106129757,186.20714242117745
2023-02-10,186.39999389648438,187.375,186.02499389648438,186.75,4989,-0.2274872520809157,186.65714154924666
2023-02-13,187.1999969482422,188.1999969482422,185.5500030517578,187.02499389648438,8223,0.42918620061869195,186.8392835344587
2023-02-14,186.64999389648438,187.22500610351562,186.125,186.89999389648438,3719,-0.29380505380557365,186.91785321916853
2023-02-15,187.3249969482422,187.9250030517578,186.25,186.4250030517578,5712,0.36164107893417174,186.8642817905971
2023-02-16,186.22500610351562,187.22500610351562,185.8249969482422,187.22500610351562,4403,-0.5872098559438377,186.7249973842076
2023-02-17,186.52499389648438,187.125,185.625,186.0500030517578,4102,0.16108888878327843,186.73571123395647
2023-02-21,186.875,187.39999389648438,185.89999389648438,186.5,4459,0.18764568554809902,186.74285452706474
2023-02-22,187.97500610351562,188.10000610351562,186.14999389648438,186.8249969482422,6047,0.588632028637126,186.96785627092635
2023-02-23,189.22500610351562,189.75,187.6999969482422,187.75,9945,0.6649820238929127,187.25714329310827
2023-02-24,189.0749969482422,189.97500610351562,188.10000610351562,189.35000610351562,6353,-0.07927554521592883,187.60357230050224
2023-02-27,189.1750030517578,190.1750030517578,188.4250030517578,189.0749969482422,4805,0.05289229413183438,187.86785888671875
2023-02-28,189.8000030517578,190.1999969482422,188.8000030517578,189.1750030517578,2594,0.33038191617156265,188.37857273646765
2023-03-01,188.3000030517578,191.10000610351562,187.6750030517578,189.64999389648438,5807,-0.7903055721189656,188.63214547293526
2023-03-02,188.5749969482422,189.0,188.0500030517578,188.27499389648438,1899,0.14604030378522204,188.87500217982702
2023-03-03,190.0,190.25,188.5749969482422,188.60000610351562,2403,0.7556691368521884,189.16428702218192
2023-03-06,192.0749969482422,192.375,189.9250030517578,190.27499389648438,3648,1.0921036569695675,189.57142857142858
2023-03-07,192.125,192.8249969482422,191.77499389648438,192.1750030517578,2277,0.026033087362886675,190.00714329310827
2023-03-08,193.75,193.8000030517578,191.25,192.125,2706,0.8458035133376729,190.66071428571428
2023-03-09,193.0749969482422,194.3249969482422,192.5,193.27499389648438,2077,-0.34838867187499956,191.12857055664062
2023-03-10,191.47500610351562,192.9499969482422,191.4250030517578,192.64999389648438,2084,-0.8286887841595925,191.58214242117745
2023-03-13,190.8249969482422,191.1750030517578,190.0749969482422,191.02499389648438,2625,-0.339474675311946,191.90357099260603
2023-03-14,189.9250030517578,191.375,189.625,191.1750030517578,1702,-0.4716331250504302,191.89285714285714
2023-03-15,188.1999969482422,189.8000030517578,187.60000610351562,189.75,2993,-0.9082564569160678,191.33928571428572
2023-03-16,189.5,189.9250030517578,188.0,188.35000610351562,1091,0.6907561492231817,190.96428571428572
2023-03-17,188.85000610351562,189.27499389648438,188.14999389648438,189.27499389648438,981,-0.3430046947147103,190.2642865862165
2023-03-20,188.1999969482422,189.75,188.1750030517578,189.5500030517578,744,-0.344193346182442,189.56785801478796
2023-03-21,188.77499389648438,189.14999389648438,187.8000030517578,188.5,585,0.3055244195356188,189.18214198521204
2023-03-22,188.25,189.02499389648438,188.0,188.8000030517578,880,-0.27810563552302936,188.8142852783203
2023-03-23,189.02499389648438,189.0749969482422,188.0,188.0,493,0.41168334474601664,188.68571254185267
2023-03-24,189.64999389648438,190.125,188.3000030517578,189.27499389648438,1030,0.33064410537277933,188.89285496303015
2023-03-27,192.35000610351562,192.4499969482422,190.5,190.5500030517578,1675,1.4236816735702096,189.2999986921038
2023-03-28,191.72500610351562,192.0,191.5,192.0,903,-0.3249285054161333,189.71071297781808
2023-03-29,191.4499969482422,191.85000610351562,191.375,191.64999389648438,955,-0.143439377503507,190.1749986921038
2023-03-30,192.39999389648438,192.47500610351562,192.14999389648438,192.1999969482422,2506,0.4962115243590359,190.69285583496094
2023-03-31,200.8249969482422,202.25,199.8249969482422,200.0,2329,4.378899853962914,192.4892839704241
2023-04-03,198.9499969482422,200.6750030517578,197.9250030517578,200.25,2795,-0.9336487133039695,193.90714154924666
2023-04-04,197.9499969482422,200.75,197.5500030517578,199.3000030517578,1936,-0.5026388616935495,195.09285627092635
2023-04-05,197.8249969482422,198.6999969482422,197.625,198.22500610351562,1299,-0.06314726038246787,195.87499782017298
2023-04-06,200.625,201.77499389648438,199.4499969482422,200.0,0,1.4153939567558282,197.14642551967077
2023-04-10,200.9250030517578,201.35000610351562,199.14999389648438,200.625,1602,0.14953423140575683,198.49999782017298
2023-04-11,202.10000610351562,202.1999969482422,200.3000030517578,200.8000030517578,2564,0.5847968316094132,199.8857138497489
2023-04-12,202.22500610351562,203.5,201.625,201.85000610351562,2697,0.06185056715732884,200.0857151576451
2023-04-13,202.6750030517578,204.0,202.25,203.60000610351562,2200,0.22252290006699038,200.61785888671875
2023-04-14,203.39999389648438,203.60000610351562,201.75,202.5749969482422,1935,0.3577110318540022,201.39642987932478
2023-04-17,205.5500030517578,205.89999389648438,204.0,204.10000610351562,1879,1.0570350146458907,202.50000217982702
2023-04-18,205.9250030517578,206.10000610351562,204.6750030517578,205.85000610351562,864,0.18243736046337222,203.25714547293526
2023-04-19,204.6750030517578,206.5,204.0500030517578,205.625,1843,-0.6070171088868759,203.79285975864954
2023-04-20,205.02499389648438,205.22500610351562,202.72500610351562,204.10000610351562,1234,0.1709983337037313,204.2107151576451
2023-04-21,203.77499389648438,205.14999389648438,203.5500030517578,204.77499389648438,1244,-0.6096817642785135,204.43214198521204
2023-04-24,202.5500030517578,203.0749969482422,201.0,203.0,807,-0.601148757903458,204.4142848423549
2023-04-25,202.0749969482422,202.27499389648438,201.89999389648438,202.10000610351562,858,-0.2345130073358903,204.2249995640346
2023-04-26,202.6750030517578,202.75,202.02499389648438,202.02499389648438,510,0.2969224855014163,203.8142852783203
2023-04-27,202.6750030517578,202.77499389648438,202.5,202.6999969482422,2707,0.0,203.3499995640346
2023-04-28,210.97500610351562,212.1999969482422,210.47500610351562,211.52499389648438,1925,4.095227791677014,204.25
2023-05-01,209.6999969482422,211.3000030517578,209.14999389648438,210.5500030517578,1930,-0.6043413287770472,204.91785757882255
2023-05-02,205.9499969482422,209.52499389648438,205.875,209.52499389648438,3398,-1.788268981675556,205.22857230050224
2023-05-03,203.4250030517578,205.85000610351562,203.14999389648438,205.85000610351562,3734,-1.2260227889777209,205.35357230050224
2023-05-04,203.64999389648438,204.5,203.4250030517578,203.6999969482422,1676,0.11060137217711041,205.57857186453683
2023-05-05,202.52499389648438,204.5,202.1750030517578,203.64999389648438,3084,-0.5524183813979566,205.55714198521204
2023-05-08,203.4250030517578,203.875,202.0,202.1750030517578,1471,0.44439411549048735,205.6642848423549
2023-05-09,205.9250030517578,206.10000610351562,203.22500610351562,203.9250030517578,1650,1.228954141573202,204.94285583496094
2023-05-10,205.375,205.9499969482422,204.875,205.89999389648438,1609,-0.2670890098855905,204.3249991280692
2023-05-11,204.125,206.0749969482422,204.0,205.35000610351562,1832,-0.6086427267194106,204.0642852783203
2023-05-12,205.47500610351562,205.60000610351562,203.9499969482422,204.625,1437,0.6613624512017857,204.35714285714286
2023-05-15,206.5,206.5500030517578,205.14999389648438,205.60000610351562,1097,0.4988411563633166,204.7642865862165
2023-05-16,205.6999969482422,206.8000030517578,205.35000610351562,206.64999389648438,828,-0.3874106788173459,205.21785845075334
2023-05-17,204.5500030517578,205.97500610351562,204.4250030517578,205.89999389648438,1101,-0.5590636429487761,205.37857273646765
2023-05-18,206.10000610351562,206.1999969482422,204.64999389648438,205.39999389648438,1388,0.7577624192778076,205.40357317243303
2023-05-19,206.27499389648438,206.6999969482422,205.60000610351562,205.89999389648438,1674,0.08490431236614082,205.53214372907365
2023-05-22,206.5749969482422,206.8249969482422,205.85000610351562,206.4250030517578,966,0.1454384005016074,205.88214329310827
2023-05-23,207.8000030517578,207.9250030517578,207.22500610351562,207.4499969482422,1222,0.5930079252633558,206.21428571428572
2023-05-24,208.97500610351562,209.0500030517578,207.8249969482422,208.1999969482422,974,0.5654490060162054,206.56785801478796
2023-05-25,208.97500610351562,209.1999969482422,208.6750030517578,208.85000610351562,5627,0.0,207.0357164655413
2023-05-26,233.9250030517578,235.0,233.47500610351562,234.0,4383,11.939225371230865,211.23214503696985
2023-05-30,237.77499389648438,238.5500030517578,234.3249969482422,234.3249969482422,8321,1.6458227186064045,215.75714329310827
2023-05-31,239.1750030517578,239.85000610351562,237.3000030517578,237.97500610351562,6950,0.588795790646901,220.45714460100447
2023-06-01,241.64999389648438,242.0500030517578,236.5749969482422,238.1750030517578,10419,1.0348033085175512,225.46785845075334
2023-06-02,241.89999389648438,243.8000030517578,240.6999969482422,242.89999389648438,7175,0.10345541333103281,230.33928571428572
2023-06-05,242.60000610351562,243.0749969482422,241.02499389648438,241.89999389648438,6652,0.28938082872824733,235.14285714285714
2023-06-06,243.25,244.47500610351562,241.27499389648438,242.5,7002,0.2679282275891648,240.0392848423549
2023-06-07,239.10000610351562,245.1750030517578,238.5500030517578,244.10000610351562,11504,-1.706061211298815,240.77857099260603
2023-06-08,238.64999389648438,240.8249969482422,238.10000610351562,239.125,6907,-0.18821087224749622,240.90357099260603
2023-06-09,239.0,240.89999389648438,236.8249969482422,239.25,6910,0.14666084746159935,240.87857055664062
2023-06-12,239.0500030517578,239.64999389648438,237.5500030517578,238.25,4936,0.020921778978166827,240.50714329310827
2023-06-13,240.4499969482422,240.9250030517578,237.5500030517578,238.6750030517578,4951,0.5856489766207007,240.3000008719308
2023-06-14,235.89999389648438,241.89999389648438,235.5500030517578,240.97500610351562,8058,-1.8922865916014997,239.34285627092635
2023-06-15,234.125,234.625,232.27499389648438,234.625,10233,-0.7524349056419521,238.0392848423549
2023-06-16,234.9250030517578,236.39999389648438,232.6999969482422,233.0,6733,0.3416991144721049,237.44285583496094
2023-06-20,232.14999389648438,235.85000610351562,231.875,234.75,6149,-1.1812319332659804,236.51428440638952
2023-06-21,227.72500610351562,230.64999389648438,226.6999969482422,230.64999389648438,11545,-1.906089988932691,234.90357099260603
2023-06-22,230.6750030517578,230.9250030517578,227.9499969482422,228.89999389648438,6507,1.2954207351744351,233.70714242117745
2023-06-23,233.9499969482422,235.14999389648438,231.39999389648438,231.89999389648438,7526,1.4197437317252648,232.77857099260603
2023-06-26,233.6750030517578,235.25,231.39999389648438,233.1750030517578,6189,-0.11754387692735069,232.4607151576451
2023-06-27,238.5,239.0749969482422,235.75,235.8249969482422,7750,2.064832303510644,233.0857151576451
2023-06-28,240.25,240.6999969482422,238.0,239.4250030517578,8789,0.7337526205450695,233.84642900739397
2023-06-29,242.375,242.75,239.3249969482422,240.5500030517578,6096,0.8844953173777315,235.30714416503906
2023-06-30,247.5749969482422,248.0749969482422,240.39999389648438,241.85000610351562,12167,2.1454345325393254,238.14285714285714
2023-07-03,247.89999389648438,247.97500610351562,245.64999389648438,246.60000610351562,6919,0.1312721204678624,240.60357012067522
2023-07-05,244.6999969482422,248.85000610351562,244.35000610351562,246.77499389648438,7561,-1.2908418826256263,242.13928440638952
2023-07-06,242.27499389648438,243.9250030517578,240.8000030517578,243.9250030517578,8560,-0.991010658766267,243.36785452706474
2023-07-07,245.4250030517578,245.77499389648438,242.60000610351562,242.60000610351562,6013,1.3001792321246874,244.35714067731584
2023-07-10,246.25,247.3000030517578,244.14999389648438,245.10000610351562,7002,0.3361503261622545,245.2142835344587
2023-07-11,247.14999389648438,248.14999389648438,245.0500030517578,245.72500610351562,6614,0.3654797549175193,245.89642551967077
2023-07-12,246.5749969482422,251.3000030517578,245.52499389648438,247.0500030517578,10744,-0.2326510064503684,245.7535683768136
2023-07-13,245.0,246.9250030517578,243.5,246.77499389648438,9363,-0.6387496574004947,245.3392835344587
2023-07-14,246.64999389648438,247.1750030517578,244.0,244.3000030517578,7569,0.673466896524233,245.61785452706474
2023-07-17,249.25,249.9499969482422,245.3000030517578,246.1750030517578,7926,1.0541277793855608,246.6142839704241
2023-07-18,248.0,249.625,247.60000610351562,248.0749969482422,6226,-0.5015045135406182,246.98214067731584
2023-07-19,246.8000030517578,247.27499389648438,244.75,245.875,7870,-0.48386973719443116,247.06071254185267
2023-07-20,245.10000610351562,249.85000610351562,244.14999389648438,247.1750030517578,9604,-0.6888156107055066,246.76785714285714
2023-07-21,245.9250030517578,247.5749969482422,244.85000610351562,246.9250030517578,6648,0.336596053732352,246.6750008719308
2023-07-24,243.25,245.52499389648438,242.27499389648438,243.64999389648438,7118,-1.0877312264157335,246.4250008719308
2023-07-25,243.22500610351562,245.60000610351562,242.0,244.8000030517578,5803,-0.010274983138491844,245.9357169015067
2023-07-26,244.1999969482422,245.35000610351562,242.5749969482422,243.27499389648438,5307,0.400859623912031,245.21428789411272
2023-07-27,244.64999389648438,245.6999969482422,242.8000030517578,243.5,4114,0.18427393688198457,244.73571559361048
2023-07-28,245.60000610351562,246.0749969482422,244.77499389648438,245.5500030517578,4850,0.388314829647296,244.56428745814733
2023-07-31,245.60000610351562,247.14999389648438,244.14999389648438,246.89999389648438,4408,0.0,244.6357160295759
2023-08-01,248.47500610351562,248.85000610351562,245.02499389648438,245.52499389648438,3915,1.1706025767720174,245.00000217982702
2023-08-02,246.8249969482422,248.6999969482422,245.77499389648438,248.0749969482422,3006,-0.6640543776004759,245.5107160295759
2023-08-03,247.9499969482422,248.0500030517578,246.14999389648438,246.8249969482422,1852,0.4557885197648437,246.1857147216797
2023-08-04,249.52499389648438,249.97500610351562,247.1999969482422,247.5,3180,0.6352074884562242,246.94642857142858
2023-08-07,246.97500610351562,249.89999389648438,246.5749969482422,248.9250030517578,2259,-1.0219368220991232,247.27857317243303
2023-08-08,246.0,247.5,244.1750030517578,247.02499389648438,2229,-0.3947792608240519,247.3357151576451
2023-08-09,247.14999389648438,247.4499969482422,245.9499969482422,245.9499969482422,1654,0.4674771936928446,247.55714198521204
2023-08-10,248.0,249.0,246.9499969482422,247.1999969482422,1643,0.34392317398626027,247.4892839704241
2023-08-11,247.75,248.9250030517578,247.1750030517578,248.47500610351562,1790,-0.10080645161290036,247.62142726353235
2023-08-14,246.22500610351562,248.625,245.9499969482422,248.1999969482422,2195,-0.6155373951501009,247.375
2023-08-15,245.875,246.97500610351562,245.10000610351562,246.25,2299,-0.14214888611617793,246.85357230050224
2023-08-16,245.375,246.52499389648438,245.1999969482422,245.89999389648438,1976,-0.20335536349771477,246.625
2023-08-17,244.27499389648438,245.6999969482422,243.39999389648438,245.39999389648438,2726,-0.4482959158494615,246.37857055664062
2023-08-18,245.5749969482422,245.9499969482422,243.5,244.0500030517578,1945,0.5321883468386135,246.15357099260603
2023-08-21,246.77499389648438,246.97500610351562,245.89999389648438,246.10000610351562,1415,0.488647852246582,245.97857012067522
2023-08-22,245.5,246.9250030517578,245.10000610351562,246.89999389648438,1204,-0.5166625176857287,245.65714154924666
2023-08-23,245.02499389648438,246.27499389648438,244.89999389648438,245.5500030517578,1209,-0.19348517454811365,245.48571123395647
2023-08-24,246.5,246.6999969482422,245.14999389648438,245.35000610351562,1253,0.6019818958300949,245.5749969482422
2023-08-25,247.625,247.64999389648438,246.35000610351562,246.75,902,0.4563894523326617,245.89642551967077
2023-08-28,250.25,250.875,247.72500610351562,248.0,1562,1.0600706713780994,246.74999782017298
2023-08-29,250.6999969482422,250.9499969482422,250.1750030517578,250.3249969482422,1011,0.17981896033654188,247.48214067731584
2023-08-30,250.0500030517578,250.52499389648438,249.6750030517578,250.52499389648438,1134,-0.25927160127511284,247.9499991280692
2023-08-31,249.10000610351562,249.4250030517578,248.9250030517578,249.35000610351562,2879,-0.37992279010112817,248.46428571428572
2023-09-01,251.85000610351562,253.3000030517578,251.02499389648438,253.1999969482422,1626,1.1039742804571429,249.43928745814733
2023-09-05,251.375,252.0500030517578,250.0,251.6999969482422,2539,-0.1886067468747199,250.1357160295759
2023-09-06,253.14999389648438,254.0749969482422,250.6999969482422,251.1999969482422,2106,0.7061139319679333,250.9250008719308
2023-09-07,255.5749969482422,255.9499969482422,253.25,253.25,3335,0.9579313095892994,251.6857147216797
2023-09-08,255.35000610351562,255.8000030517578,254.8249969482422,255.5500030517578,1582,-0.08803319863567305,252.3500017438616
2023-09-11,256.2250061035156,256.67498779296875,254.72500610351562,255.3249969482422,3218,0.3426669195556231,253.23214503696985
2023-09-12,255.3249969482422,256.6000061035156,253.9499969482422,256.1000061035156,2343,-0.35125734562763133,254.12142944335938
2023-09-13,253.5,255.39999389648438,252.85000610351562,255.0,2047,-0.7147740996985674,254.35714285714286
2023-09-14,255.1750030517578,255.47500610351562,253.3000030517578,254.0,2356,0.6607507107525779,254.9000004359654
2023-09-15,257.375,257.5,254.5749969482422,255.3249969482422,2128,0.8621522178627883,255.50357273646765
2023-09-18,254.25,257.3500061035156,253.9250030517578,256.95001220703125,2003,-1.214181641573575,255.31428745814733
2023-09-19,253.5,255.6750030517578,253.27499389648438,254.27499389648438,1419,-0.2949852507374673,255.0500008719308
2023-09-20,254.1750030517578,254.5,252.8249969482422,253.75,1386,0.2662733931983574,254.75714329310827
2023-09-21,253.27499389648438,254.5,253.0,254.39999389648438,1239,-0.3540903489593572,254.46428571428572
2023-09-22,254.10000610351562,254.375,253.27499389648438,253.4250030517578,711,0.3257377265473149,254.5500008719308
2023-09-25,253.875,254.3000030517578,253.1750030517578,254.10000610351562,494,-0.08855021570678412,254.3642861502511
2023-09-26,252.60000610351562,254.02499389648438,252.39999389648438,254.02499389648438,1598,-0.5022132531696255,253.68214416503906
2023-09-27,251.52499389648438,252.5,251.25,252.47500610351562,1354,-0.4255788523578663,253.29285757882255
2023-09-28,252.3249969482422,252.39999389648438,251.375,251.52499389648438,3106,0.3180610560265196,253.125
2023-09-29,252.47500610351562,254.72500610351562,252.02499389648438,254.72500610351562,2212,0.059450770667890396,252.88214329310827
2023-10-02,253.3249969482422,254.9499969482422,252.72500610351562,252.72500610351562,2222,0.33666336238371564,252.8892865862165
2023-10-03,248.60000610351562,253.3000030517578,248.02499389648438,253.3000030517578,3069,-1.8651893424050603,252.10357230050224
2023-10-04,247.77499389648438,249.8000030517578,246.8000030517578,248.8000030517578,2415,-0.3318633092421197,251.23214285714286
2023-10-05,247.5,248.8000030517578,246.85000610351562,247.8000030517578,1369,-0.11098533074700434,250.50357055664062
2023-10-06,248.375,248.5500030517578,245.6999969482422,247.60000610351562,1268,0.35353535353535026,250.05357142857142
2023-10-09,246.89999389648438,248.89999389648438,246.5,247.27499389648438,1219,-0.5938625479680382,249.27857099260603
2023-10-10,247.9499969482422,248.375,247.22500610351562,247.72500610351562,1027,0.425274636579398,248.63214111328125
2023-10-11,250.1750030517578,250.75,247.0,248.02499389648438,1859,0.897360811010639,248.18214198521204
2023-10-12,252.02499389648438,252.125,250.0,250.14999389648438,1783,0.7394786937781506,248.67142595563615
2023-10-13,249.875,251.9499969482422,249.64999389648438,251.875,1103,-0.8530875701032503,248.97142682756697
2023-10-16,248.3249969482422,250.5,247.8249969482422,249.89999389648438,1301,-0.6203113763913248,249.0892835344587
2023-10-17,248.8000030517578,249.39999389648438,247.89999389648438,248.0,1156,0.19128404685520017,249.1499982561384
2023-10-18,247.125,248.6750030517578,246.8000030517578,248.64999389648438,1694,-0.67323272958697,249.18214198521204
2023-10-19,243.5749969482422,246.5,242.8000030517578,246.39999389648438,1759,-1.4365212146718487,248.55714198521204
2023-10-20,241.8249969482422,244.0,240.5500030517578,244.0,1295,-0.7184645476447926,247.3642839704241
2023-10-23,237.625,241.85000610351562,237.1750030517578,241.4250030517578,1483,-1.7367918954801498,245.30714198521204
2023-10-24,239.4250030517578,240.35000610351562,237.3000030517578,237.8000030517578,1284,0.7574973389827822,243.8142852783203
2023-10-25,239.97500610351562,240.52499389648438,239.14999389648438,239.97500610351562,724,0.22971830207678678,242.62142944335938
2023-10-26,240.5500030517578,240.60000610351562,239.5749969482422,239.9499969482422,2421,0.23960701473808577,241.44285801478796
2023-10-27,236.89999389648438,238.4499969482422,234.85000610351562,237.0,2821,-1.5173598457565163,239.98214285714286
2023-10-30,237.6750030517578,239.0,236.8249969482422,237.3000030517578,1982,0.3271461271594944,239.1392865862165
2023-10-31,237.6999969482422,238.9499969482422,236.5749969482422,237.75,2089,0.010515997123583531,238.5500008719308
2023-11-01,238.5749969482422,238.9499969482422,237.8000030517578,238.0749969482422,1845,0.36811106909291347,238.6857147216797
2023-11-02,242.625,242.75,238.97500610351562,238.97500610351562,1808,1.6975806784297776,239.14285714285714
2023-11-03,240.60000610351562,242.5500030517578,240.0749969482422,242.5500030517578,2162,-0.8346188135948007,239.23214285714286
2023-11-06,237.1750030517578,240.8000030517578,236.9250030517578,240.64999389648438,1485,-1.4235257543111834,238.75
2023-11-07,232.22500610351562,237.6999969482422,231.1750030517578,237.47500610351562,3066,-2.087065198503224,238.08214460100447
2023-11-08,234.5500030517578,236.125,229.4250030517578,232.39999389648438,3636,1.0011828559090663,237.6357160295759
2023-11-09,229.0,234.9499969482422,228.5,234.5500030517578,3165,-2.3662344828591197,236.39285932268416
2023-11-10,229.72500610351562,231.25,227.77499389648438,229.3000030517578,1550,0.3165965517535563,235.12857491629464
2023-11-13,230.72500610351562,231.5500030517578,229.27499389648438,229.5,1055,0.43530306820380726,233.42857578822546
2023-11-14,230.0500030517578,230.875,229.39999389648438,229.6999969482422,1509,-0.2925573881900623,231.9214324951172
2023-11-15,229.4250030517578,229.72500610351562,229.125,229.5,985,-0.2716800659460894,230.81428963797433
2023-11-16,229.375,230.0,229.125,229.60000610351562,6693,-0.021794944357711454,230.40714590890067
2023-11-17,228.5,229.6999969482422,225.77499389648438,226.89999389648438,5239,-0.3814713896457711,229.54285975864954
2023-11-20,229.85000610351562,232.1999969482422,227.4499969482422,230.5,6006,0.5908122991315601,229.66428920200892
2023-11-21,228.3249969482422,230.6750030517578,227.77499389648438,229.3000030517578,4215,-0.6634801456505635,229.46428789411272
2023-11-22,227.125,229.14999389648438,226.64999389648438,228.375,4141,-0.5255652969587965,228.9500013078962
2023-11-24,219.3249969482422,227.375,219.14999389648438,227.375,7514,-3.4342335946099367,227.41785757882255
2023-11-27,212.8000030517578,220.77499389648438,212.125,220.47500610351562,13542,-2.975034304012414,225.04285757882255
2023-11-28,221.0500030517578,221.0500030517578,212.72500610351562,213.77499389648438,11044,3.876879643649911,223.85357230050224
2023-11-29,222.1999969482422,223.5749969482422,220.10000610351562,221.5500030517578,7574,0.5202415202930855,222.95357186453683
2023-11-30,219.9499969482422,222.64999389648438,217.0749969482422,222.625,7968,-1.0126012740333645,221.5392848423549
2023-12-01,214.4250030517578,221.4499969482422,213.9250030517578,220.0,7110,-2.5119317904716776,219.55357142857142
2023-12-04,210.52499389648438,214.52499389648438,209.14999389648438,214.0,11508,-1.8188220122501542,217.18214198521204
2023-12-05,214.6999969482422,215.60000610351562,210.1750030517578,210.8000030517578,7394,1.9831389016976564,216.52142769949776
2023-12-06,210.14999389648438,217.39999389648438,209.25,215.0,9432,-2.1192375949845466,216.14285496303015
2023-12-07,210.27499389648438,213.60000610351562,210.0,210.52499389648438,10239,0.059481324592169926,214.60356794084822
2023-12-08,215.3000030517578,216.5749969482422,210.39999389648438,210.5,9214,2.3897321608042477,213.61785452706474
2023-12-11,217.9499969482422,218.3000030517578,213.25,215.27499389648438,8391,1.2308378350776472,213.33214024135046
2023-12-12,219.25,219.77499389648438,215.3000030517578,217.39999389648438,9896,0.5964684881672788,214.02142551967077
2023-12-13,217.375,219.9499969482422,216.9250030517578,218.5,6285,-0.8551881413911055,214.99999782017298
2023-12-14,219.35000610351562,221.125,218.25,218.4499969482422,5085,0.9085709504384809,215.6642848423549
2023-12-15,220.89999389648438,221.5,218.1999969482422,219.75,4585,0.7066276498015167,217.1999991280692
2023-12-18,223.1750030517578,225.0,221.39999389648438,221.39999389648438,5783,1.0298819457367436,219.04285757882255
2023-12-19,221.89999389648438,224.3249969482422,221.625,223.1999969482422,4329,-0.5713046433689306,219.9857134137835
2023-12-20,224.0500030517578,224.375,221.22500610351562,222.22500610351562,2661,0.9689090646286314,220.85714285714286
2023-12-21,221.6999969482422,225.22500610351562,221.5500030517578,224.10000610351562,1764,-1.0488757293043882,221.20714242117745
2023-12-22,222.75,223.77499389648438,221.25,222.39999389648438,1862,0.47361437357300584,221.9749995640346
2023-12-26,223.5500030517578,224.02499389648438,219.89999389648438,220.5749969482422,1967,0.3591483958508723,222.5749991280692
2023-12-27,224.47500610351562,225.9499969482422,223.27499389648438,223.60000610351562,1567,0.4137790378574202,223.0857151576451
2023-12-28,222.47500610351562,224.89999389648438,221.9250030517578,224.35000610351562,1190,-0.8909677895621471,222.98571559361048
2023-12-29,222.3000030517578,224.0749969482422,221.77499389648438,223.89999389648438,1449,-0.07866189322696115,223.04285975864954
2024-01-02,225.4250030517578,226.4250030517578,222.22500610351562,222.3000030517578,1959,1.4057579654069619,223.23928833007812
2024-01-03,226.0749969482422,226.3000030517578,224.1750030517578,225.4250030517578,1313,0.28834152719747763,223.86428833007812
2024-01-04,224.6750030517578,226.375,224.4250030517578,226.27499389648438,1409,-0.6192608273284161,224.13928876604353
2024-01-05,223.125,226.875,222.5500030517578,224.77499389648438,2095,-0.6898867389358632,224.07857404436385
2024-01-08,223.875,226.5,223.14999389648438,223.52499389648438,1965,0.3361344537815114,223.99285888671875
2024-01-09,223.77499389648438,225.0,223.0749969482422,223.9499969482422,2605,-0.04467050966638908,224.17857142857142
2024-01-10,224.625,225.4499969482422,223.625,223.8249969482422,1827,0.3798485651657968,224.5107138497489
2024-01-11,226.27499389648438,226.6999969482422,223.6999969482422,224.75,1118,0.7345548787910383,224.63214111328125
2024-01-12,226.5749969482422,228.14999389648438,225.1999969482422,226.25,1429,0.13258338740473885,224.70356968470983
2024-01-16,227.5500030517578,228.27499389648438,225.6750030517578,226.60000610351562,1967,0.4303237853461539,225.1142839704241
2024-01-17,228.4250030517578,228.5749969482422,226.72500610351562,227.5749969482422,892,0.38453086717866736,225.87142726353235
2024-01-18,230.9250030517578,231.6999969482422,228.3000030517578,228.47500610351562,2259,1.0944511181350647,226.87857055664062
2024-01-19,230.10000610351562,231.375,229.6999969482422,230.9250030517578,1265,-0.35725752401842836,227.78214372907365
2024-01-22,229.8249969482422,230.1750030517578,228.27499389648438,230.0,1578,-0.119517230759969,228.5250004359654
2024-01-23,231.0,231.875,229.77499389648438,229.9250030517578,1870,0.5112599009508223,229.2000013078962
2024-01-24,231.8249969482422,232.10000610351562,231.60000610351562,231.60000610351562,1172,0.35714153603558785,229.9500013078962
2024-01-25,232.02499389648438,232.35000610351562,231.5749969482422,232.0,11368,0.08627065712281112,230.58928571428572
2024-01-26,239.6999969482422,241.64999389648438,237.5749969482422,238.0,8847,3.307834609913596,232.1999991280692
2024-01-29,238.625,241.9250030517578,238.39999389648438,239.75,6694,-0.4484759957983253,233.2999986921038
2024-01-30,241.3249969482422,241.5749969482422,238.02499389648438,238.625,7068,1.1314811726525598,234.903568812779
2024-01-31,240.14999389648438,241.5500030517578,239.5500030517578,240.9499969482422,5696,-0.48689653646191156,236.3785683768136
2024-02-01,244.875,245.60000610351562,240.85000610351562,240.9499969482422,8914,1.9675228913611065,238.36071123395647
2024-02-02,244.8000030517578,246.125,244.0,245.0,6823,-0.030626625111662698,240.2142835344587
2024-02-05,242.75,245.8000030517578,242.35000610351562,245.0,5952,-0.8374195368471393,241.74642726353235
2024-02-06,246.6750030517578,247.10000610351562,242.125,242.4250030517578,7323,1.6168910614862364,242.74285670689173
2024-02-07,245.5500030517578,248.25,245.0500030517578,246.97500610351562,7773,-0.45606566781473123,243.73214285714286
2024-02-08,246.85000610351562,249.14999389648438,246.27499389648438,246.75,6458,0.5294249788641903,244.52142987932478
2024-02-09,247.14999389648438,248.35000610351562,245.9250030517578,247.25,5660,0.1215263461824545,245.52142987932478
2024-02-12,248.8249969482422,249.89999389648438,247.10000610351562,247.14999389648438,6806,0.677727328797495,246.0857151576451
2024-02-13,248.0,248.97500610351562,247.3000030517578,248.52499389648438,5605,-0.3315571017223018,246.54285757882255
2024-02-14,246.22500610351562,248.39999389648438,243.5500030517578,248.0,7549,-0.7157233453566003,247.03928702218192
2024-02-15,247.10000610351562,247.35000610351562,244.02499389648438,245.3000030517578,5440,0.35536601819887714,247.1000017438616
2024-02-16,251.02499389648438,251.9250030517578,247.125,247.125,8817,1.5884207592145927,247.88214329310827
2024-02-20,251.375,252.25,249.25,250.625,6148,0.13943077861797715,248.52857099260603
2024-02-21,251.35000610351562,253.4499969482422,250.39999389648438,251.1750030517578,6380,-0.009942872793389235,249.12857273646765
2024-02-22,252.0500030517578,254.72500610351562,250.72500610351562,250.9499969482422,7108,0.2784949000374848,249.58928789411272
2024-02-23,254.5749969482422,254.75,251.0500030517578,251.8000030517578,5449,1.0017829263687217,250.52857317243303
2024-02-26,253.0500030517578,254.89999389648438,250.9250030517578,252.72500610351562,4063,-0.5990352213553929,251.50357273646765
2024-02-27,253.0,254.39999389648438,251.6750030517578,253.0500030517578,2308,-0.01976014667250947,252.34642900739397
2024-02-28,249.60000610351562,252.6750030517578,249.0749969482422,252.0500030517578,2400,-1.343871105329797,252.14285932268416
2024-02-29,249.0,250.22500610351562,247.5,249.4250030517578,1438,-0.2403870548251419,251.80357360839844
2024-03-01,252.97500610351562,253.0749969482422,249.25,249.35000610351562,2177,1.5963879933797775,252.0357164655413
2024-03-04,251.5500030517578,253.0749969482422,250.9499969482422,252.97500610351562,1824,-0.5632979612123057,251.96428789411272
2024-03-05,252.3000030517578,252.875,250.64999389648438,251.5,1281,0.29815145732503545,251.63928876604353
2024-03-06,251.02499389648438,252.97500610351562,249.9499969482422,252.89999389648438,1571,-0.505354395501878,251.3500017438616
2024-03-07,251.02499389648438,251.47500610351562,249.89999389648438,250.875,1323,0.0,251.06785801478796
2024-03-08,249.1999969482422,252.8000030517578,248.9499969482422,251.5,2416,-0.7270180231514156,251.0107138497489
2024-03-11,248.25,249.1999969482422,248.10000610351562,249.1999969482422,949,-0.3812186837383824,250.90357099260603
2024-03-12,248.97500610351562,249.89999389648438,248.3000030517578,248.35000610351562,1050,0.29204676878775704,250.33214242117745
2024-03-13,250.27499389648438,250.47500610351562,248.4250030517578,249.0,1967,0.5221358614720728,250.1499982561384
2024-03-14,247.47500610351562,251.625,246.52499389648438,250.3000030517578,2288,-1.1187645035471872,249.46071297781808
2024-03-15,249.27499389648438,249.8249969482422,247.875,249.0,1124,0.7273412460149009,249.21071297781808
2024-03-18,251.1999969482422,251.39999389648438,249.9499969482422,250.02499389648438,1052,0.7722407376959728,249.2357134137835
2024-03-19,250.6750030517578,252.02499389648438,250.14999389648438,251.0,856,-0.20899438808216209,249.44642857142858
2024-03-20,250.25,251.5749969482422,249.85000610351562,251.5749969482422,1225,-0.1695434513149574,249.73214285714286
2024-03-21,250.875,251.8000030517578,249.6999969482422,250.5749969482422,1172,0.24975024975024684,250.00357055664062
2024-03-22,249.9499969482422,251.0,249.8249969482422,250.64999389648438,1046,-0.3687107331371453,249.95714242117745
2024-03-25,249.4499969482422,251.0,248.375,248.9499969482422,690,-0.20004001044398034,250.2392839704241
2024-03-26,247.72500610351562,249.25,247.25,249.25,1741,-0.6915176852395288,250.01785714285714
2024-03-27,248.0500030517578,248.25,247.60000610351562,248.125,710,0.13119262901799544,249.56785801478796
2024-03-28,247.75,247.77499389648438,247.1999969482422,247.60000610351562,2159,-0.12094458700538935,249.1500004359654
2024-04-01,240.4250030517578,249.0,239.0500030517578,246.625,3482,-2.956608253579085,247.74642944335938
2024-04-02,243.5,243.625,239.8000030517578,241.14999389648438,2952,1.2789838449456914,246.69285801478796
2024-04-03,240.9499969482422,243.6999969482422,239.27499389648438,243.6999969482422,2522,-1.04722917936666,245.40714372907365
2024-04-04,242.6999969482422,243.60000610351562,241.3249969482422,241.9499969482422,2037,0.7262917709751626,244.44285801478796
2024-04-05,237.6999969482422,242.89999389648438,236.375,242.89999389648438,2445,-2.0601565978042857,243.0107138497489
2024-04-08,239.3000030517578,239.89999389648438,237.375,238.22500610351562,2192,0.6731199512232333,241.7607138497489
2024-04-09,240.6999969482422,241.5,238.22500610351562,239.0749969482422,1607,0.5850371410908828,240.75357055664062
2024-04-10,238.27499389648438,240.75,237.25,240.3000030517578,1619,-1.0074794692578548,240.44642639160156
2024-04-11,239.1750030517578,239.47500610351562,235.89999389648438,238.22500610351562,2019,0.37771867729621267,239.82856968470983
2024-04-12,237.60000610351562,239.4250030517578,235.9499969482422,238.77499389648438,1242,-0.6585123562855566,239.3499995640346
2024-04-15,239.5500030517578,240.5,237.85000610351562,237.85000610351562,1120,0.8207057652147576,238.9000004359654
2024-04-16,240.35000610351562,241.4499969482422,238.6750030517578,239.5500030517578,979,0.333960777109632,239.27857317243303
2024-04-17,240.4250030517578,241.3000030517578,240.14999389648438,240.5,962,0.03120322294059008,239.43928745814733
2024-04-18,241.60000610351562,241.9499969482422,240.1999969482422,240.60000610351562,667,0.4887191585081885,239.56786019461495
2024-04-19,241.3249969482422,241.9499969482422,240.875,241.22500610351562,628,-0.11382828986999938,240.00357491629464
2024-04-22,242.89999389648438,242.97500610351562,241.72500610351562,242.0,907,0.6526455892092997,240.5357164655413
2024-04-23,243.75,244.35000610351562,243.10000610351562,243.39999389648438,683,0.34994076775394234,241.41428702218192
2024-04-24,243.10000610351562,244.0,242.9250030517578,243.60000610351562,426,-0.2666641626602573,241.92143031529017
2024-04-25,244.875,244.9499969482422,244.25,244.27499389648438,3146,0.7301496717069478,242.56785801478796
2024-04-26,248.6999969482422,249.25,246.39999389648438,246.47500610351562,2295,1.5620201932586841,243.75
2024-04-29,248.02499389648438,249.6999969482422,247.10000610351562,248.5749969482422,1726,-0.2714125693770275,244.66785539899553
2024-04-30,244.5749969482422,248.10000610351562,243.9499969482422,248.10000610351562,2892,-1.3909876154183376,245.13214111328125
2024-05-01,241.4250030517578,245.4499969482422,240.0,244.25,2670,-1.2879460025715495,244.92142813546317
2024-05-02,243.60000610351562,245.60000610351562,243.1999969482422,244.47500610351562,2241,0.9009021535733464,244.9000004359654
2024-05-03,243.3000030517578,244.39999389648438,242.60000610351562,243.625,1261,-0.12315395904807236,244.92857142857142
2024-05-06,241.39999389648438,243.25,240.8249969482422,243.125,1741,-0.7809326475303191,244.43214198521204
2024-05-07,242.14999389648438,243.75,241.3249969482422,241.6999969482422,2051,0.31068766319919394,243.49642726353235
2024-05-08,240.1999969482422,242.60000610351562,239.47500610351562,242.47500610351562,1546,-0.8052847397864382,242.37857055664062
2024-05-09,238.64999389648438,241.5,238.4250030517578,240.47500610351562,1879,-0.6452968657163605,241.53214154924666
2024-05-10,238.8000030517578,239.60000610351562,237.4250030517578,239.0,1368,0.06285738910956074,241.15714154924666
2024-05-13,239.375,241.22500610351562,238.52499389648438,239.0500030517578,1425,0.24078598864907264,240.55356924874442
2024-05-14,243.27499389648438,244.375,239.9250030517578,239.9499969482422,1874,1.6292402700718078,240.54999651227678
2024-05-15,243.14999389648438,243.97500610351562,242.4250030517578,243.35000610351562,1024,-0.051382181948878,240.79999651227678
2024-05-16,244.85000610351562,245.52499389648438,243.39999389648438,243.39999389648438,1099,0.6991619369544289,241.18571254185267
2024-05-17,246.72500610351562,246.77499389648438,244.77499389648438,245.0,1034,0.7657749451749352,242.11785670689173
2024-05-20,246.6999969482422,247.64999389648438,246.3000030517578,247.0500030517578,1251,-0.010136449348363552,243.26785714285714
2024-05-21,248.9499969482422,249.375,247.6750030517578,247.97500610351562,1500,0.9120389249425376,244.71785627092635
2024-05-22,250.375,250.47500610351562,249.1999969482422,249.1999969482422,957,0.5724053300768084,246.2892848423549
2024-05-23,250.3249969482422,250.35000610351562,249.39999389648438,249.75,5176,-0.01997126380741676,247.29642813546317
2024-05-24,260.2250061035156,262.04998779296875,259.1000061035156,261.45001220703125,6315,3.9548623892804446,249.73571559361048
2024-05-28,264.6000061035156,264.7250061035156,260.3999938964844,261.0,8123,1.6812373512865575,252.55714416503906
2024-05-29,260.25,264.95001220703125,259.29998779296875,264.20001220703125,10204,-1.643993198478555,254.4892861502511
2024-05-30,259.07501220703125,260.9750061035156,257.0,260.625,7546,-0.45148426242795914,256.2571454729353
2024-05-31,256.3999938964844,259.0,255.8000030517578,259.0,6885,-1.0325265596858202,257.3214307512556
2024-06-03,256.20001220703125,257.42498779296875,253.60000610351562,256.7250061035156,8259,-0.07799598058253476,258.15357535226
2024-06-04,256.0249938964844,258.17498779296875,255.52499389648438,257.3999938964844,4995,-0.06831315464788101,258.96786063058033
2024-06-05,254.8249969482422,256.57501220703125,254.22500610351562,256.32501220703125,5218,-0.4687030472998899,258.1964307512556
2024-06-06,252.85000610351562,253.85000610351562,250.8000030517578,253.75,9719,-0.7750381117939131,256.51785932268416
2024-06-07,254.9250030517578,255.9499969482422,251.89999389648438,252.8000030517578,6987,0.8206434242254756,255.75714547293526
2024-06-10,258.6499938964844,259.3999938964844,255.5,255.5500030517578,8146,1.461210473721275,255.69642857142858
2024-06-11,257.6499938964844,260.0,257.2749938964844,258.92498779296875,5070,-0.38662285853376943,255.875
2024-06-12,257.57501220703125,259.1499938964844,256.8500061035156,258.3999938964844,5122,-0.029102150680915262,256.07142857142856
2024-06-13,257.4750061035156,258.29998779296875,254.35000610351562,257.70001220703125,6881,-0.03882601136605546,256.278573172433
2024-06-14,261.9750061035156,262.6499938964844,258.5,258.79998779296875,8753,1.7477424578410616,257.3000030517578
2024-06-17,261.32501220703125,263.07501220703125,260.6000061035156,262.95001220703125,7253,-0.24811294258642036,258.5107182094029
2024-06-18,259.95001220703125,261.7250061035156,259.32501220703125,261.7250061035156,5162,-0.5261647128177227,259.22857666015625
2024-06-20,259.82501220703125,261.9750061035156,258.1000061035156,260.75,6542,-0.048086168159300335,259.3964364188058
2024-06-21,258.375,260.17498779296875,258.0,260.1000061035156,6704,-0.5580726022927585,259.500008719308
2024-06-24,258.8999938964844,259.54998779296875,256.125,257.0,6038,0.20319067111151945,259.68929181780135
2024-06-25,259.04998779296875,260.45001220703125,258.20001220703125,259.3500061035156,5372,0.057935071464054744,259.91428920200894
2024-06-26,261.7749938964844,262.1000061035156,258.7250061035156,258.7250061035156,6998,1.0519228843559825,259.8857160295759
2024-06-27,260.6499938964844,262.6499938964844,260.29998779296875,262.0249938964844,5552,-0.42975839030860996,259.7892848423549
2024-06-28,259.29998779296875,261.6499938964844,258.29998779296875,260.6000061035156,9303,-0.5179382831874468,259.69642421177457
2024-07-01,257.375,259.17498779296875,256.3999938964844,258.92498779296875,9120,-0.7423786670231913,259.34642246791293
2024-07-02,261.1000061035156,261.6000061035156,257.45001220703125,258.07501220703125,9551,1.447306888204225,259.7357090541295
2024-07-03,263.375,263.8999938964844,260.5,260.5,9999,0.8713113149382501,260.37499564034596
2024-07-05,261.4750061035156,263.75,261.25,263.25,8130,-0.7214025235821042,260.721426827567
2024-07-08,259.17498779296875,263.2749938964844,258.5249938964844,262.0,12291,-0.8796321854320222,260.3499973842076
2024-07-09,255.72500610351562,260.82501220703125,254.77499389648438,260.1000061035156,12082,-1.3311399062200358,259.6464276994978
2024-07-10,254.35000610351562,256.25,253.4499969482422,256.0,10773,-0.5376869555898667,258.9392874581473
2024-07-11,256.1499938964844,256.7749938964844,254.9499969482422,256.04998779296875,8963,0.707681442805308,258.76428658621654
2024-07-12,258.6499938964844,259.2250061035156,254.97500610351562,256.1499938964844,8943,0.9759906537457619,258.4142848423549
2024-07-15,258.7749938964844,260.25,257.95001220703125,259.04998779296875,6471,0.04832785731672118,257.75714111328125
2024-07-16,258.625,259.625,257.6499938964844,258.54998779296875,5915,-0.05796305671805779,257.3499973842076
2024-07-17,258.54998779296875,258.8999938964844,256.75,258.54998779296875,5650,-0.029004236648144666,257.2607116699219
2024-07-18,256.2250061035156,259.6499938964844,255.5749969482422,258.5,6778,-0.8992387542925862,257.33214024135043
2024-07-19,255.60000610351562,256.45001220703125,253.875,256.25,5222,-0.24392623089547483,257.5107116699219
2024-07-22,256.3999938964844,258.42498779296875,255.75,256.5,5896,0.31298426207577723,257.54642595563615
2024-07-23,258.75,259.20001220703125,255.625,256.67498779296875,6172,0.9165390637506654,257.5607125418527
2024-07-24,257.125,259.1000061035156,256.2749938964844,258.75,6720,-0.6280193236715026,257.3249991280692
2024-07-25,258.625,259.8500061035156,255.47500610351562,257.20001220703125,7967,0.5833738454059212,257.3249991280692
2024-07-26,259.70001220703125,260.75,258.2749938964844,258.6499938964844,6055,0.4156644589777603,257.4892883300781
2024-07-29,256.42498779296875,260.54998779296875,255.5,259.8500061035156,6489,-1.2610798075171736,257.51785714285717
2024-07-30,256.9750061035156,257.6499938964844,255.5,256.95001220703125,3544,0.21449481787279012,257.7142857142857
2024-07-31,257.25,257.75,255.8000030517578,256.9750061035156,2327,0.10701192332052134,257.8357151576451
2024-08-01,253.14999389648438,257.32501220703125,252.1750030517578,257.32501220703125,4850,-1.593782741891403,257.0357142857143
2024-08-02,249.64999389648438,252.9250030517578,246.6750030517578,252.8000030517578,4573,-1.3825795316555256,255.96785627092635
2024-08-05,244.0,246.625,240.77499389648438,244.5,4920,-2.26316604631166,253.87857055664062
2024-08-06,243.0,246.25,240.9250030517578,246.0,4011,-0.4098360655737654,251.49285452706474
2024-08-07,242.625,245.47500610351562,242.5,244.27499389648438,2639,-0.15432098765432167,249.52142769949776
2024-08-08,242.375,243.60000610351562,241.39999389648438,243.60000610351562,3004,-0.10303967027305294,247.43571254185267
2024-08-09,246.5,247.1999969482422,242.0749969482422,242.1750030517578,3404,1.7019082001031416,245.8999982561384
2024-08-12,244.39999389648438,246.9250030517578,243.8000030517578,246.5500030517578,2057,-0.8519294537588706,244.6499982561384
2024-08-13,246.47500610351562,246.97500610351562,243.8249969482422,245.25,1574,0.8490230191700032,244.19642857142858
2024-08-14,247.89999389648438,248.85000610351562,246.60000610351562,246.625,2338,0.578146975426086,244.75357055664062
2024-08-15,246.72500610351562,248.9499969482422,246.375,248.125,1824,-0.4739765316248423,245.28571428571428
2024-08-16,242.77499389648438,246.6750030517578,241.10000610351562,246.22500610351562,3426,-1.6009776509536278,245.30714198521204
2024-08-19,242.375,244.0,241.375,242.3000030517578,1182,-0.16475910062423438,245.30714198521204
2024-08-20,238.1999969482422,243.02499389648438,237.10000610351562,242.375,2395,-1.7225386495132833,244.12142726353235
2024-08-21,239.25,240.0,237.9250030517578,238.22500610351562,1491,0.44080733216211865,243.3857138497489
2024-08-22,241.97500610351562,243.27499389648438,238.6750030517578,239.25,1649,1.1389785176658895,242.74285670689173
2024-08-23,242.5749969482422,242.97500610351562,241.625,241.77499389648438,942,0.2479557101322749,241.98214285714286
2024-08-26,244.5,245.0,241.75,241.75,1819,0.7935702673299572,241.6642848423549
2024-08-27,244.1999969482422,244.5,243.64999389648438,244.0,973,-0.1227006346657733,241.86785670689173
2024-08-28,243.5500030517578,244.02499389648438,243.1999969482422,243.5,854,-0.26617277010947404,242.03571428571428
2024-08-29,243.1750030517578,243.4250030517578,242.75,243.4250030517578,1665,-0.15397248831908739,242.74642944335938
2024-08-30,240.47500610351562,241.75,239.3000030517578,239.3000030517578,1917,-1.1103102351632366,242.92143031529017
2024-09-03,241.375,242.125,239.375,240.125,2083,0.37425673090407674,242.8357151576451
2024-09-04,239.625,241.75,239.35000610351562,241.0,1092,-0.7250129466597643,242.41428702218192
2024-09-05,237.125,239.625,236.10000610351562,239.5500030517578,2375,-1.0432968179447055,241.36071559361048
2024-09-06,234.3000030517578,239.0500030517578,233.8000030517578,237.25,1883,-1.1913534837078243,239.94643075125558
2024-09-09,237.72500610351562,238.25,232.85000610351562,234.75,1883,1.4618023931485924,239.11428833007812
2024-09-10,238.47500610351562,239.60000610351562,237.5749969482422,237.9499969482422,1350,0.3154905797640106,238.44286019461495
2024-09-11,240.5500030517578,241.0,237.6750030517578,238.64999389648438,1600,0.8701108691203885,238.45357404436385
2024-09-12,242.0500030517578,242.8000030517578,240.5,240.5749969482422,1045,0.6235709752526075,238.5500030517578
2024-09-13,241.89999389648438,243.75,240.85000610351562,242.35000610351562,868,-0.061974448825496964,238.87500217982702
2024-09-16,241.3000030517578,243.3249969482422,241.22500610351562,242.0500030517578,649,-0.2480326001923383,239.471431187221
2024-09-17,243.3000030517578,243.77499389648438,241.77499389648438,242.0,648,0.8288437524681669,240.75714547293526
2024-09-18,242.8249969482422,243.8249969482422,242.5500030517578,243.3000030517578,558,-0.1952347297811463,241.48571559361048
2024-09-19,245.27499389648438,245.6999969482422,243.22500610351562,243.77499389648438,884,1.0089558237549978,242.45714242117745
2024-09-20,244.8249969482422,245.64999389648438,244.25,244.77499389648438,1303,-0.18346629678527293,243.06785583496094
2024-09-23,245.10000610351562,245.3249969482422,244.0749969482422,244.875,866,0.11232887111261025,243.50357055664062
2024-09-24,244.9499969482422,245.14999389648438,244.5,244.6999969482422,611,-0.06120324420150203,243.9392852783203
2024-09-25,245.375,245.5,244.72500610351562,245.0,414,0.17350604492867294,244.52142769949776
2024-09-26,245.39999389648438,245.89999389648438,244.4250030517578,244.8249969482422,5583,0.010185999586087569,244.82142639160156
2024-09-27,247.0749969482422,248.625,246.60000610351562,247.375,3836,0.6825603477660813,245.42856924874442
2024-09-30,246.1999969482422,247.77499389648438,245.6999969482422,246.0749969482422,2181,-0.3541434830750201,245.56071254185267
2024-10-01,246.14999389648438,247.5500030517578,245.1999969482422,246.3000030517578,2565,-0.020309931916173696,245.74999782017298
2024-10-02,249.72500610351562,249.8000030517578,246.14999389648438,246.14999389648438,3021,1.452371438422495,246.41071210588728
2024-10-03,248.97500610351562,250.1750030517578,247.6999969482422,249.5,2455,-0.3003303560593862,246.9857134137835
2024-10-04,249.625,249.89999389648438,248.0749969482422,248.97500610351562,1744,0.2610679307360364,247.59285627092635
2024-10-07,248.85000610351562,250.0500030517578,248.5,249.85000610351562,2880,-0.3104632534739582,248.0857151576451
2024-10-08,250.3249969482422,250.625,248.52499389648438,249.14999389648438,1567,0.5927228485230529,248.5500008719308
2024-10-09,249.27499389648438,250.8000030517578,248.39999389648438,250.8000030517578,1850,-0.41945593311039087,248.9892861502511
2024-10-10,250.27499389648438,250.47500610351562,248.10000610351562,248.97500610351562,1486,0.4011633836064954,249.57857186453683
2024-10-11,249.75,250.64999389648438,249.5,250.47500610351562,1626,-0.2097668202127756,249.58214242117745
2024-10-14,249.125,250.6750030517578,248.85000610351562,249.85000610351562,1448,-0.25025025025025016,249.60357012067522
2024-10-15,246.52499389648438,249.125,246.27499389648438,249.125,2400,-1.0436552347278027,249.16071210588728
2024-10-16,246.10000610351562,247.3000030517578,245.6999969482422,246.3249969482422,1372,-0.17239136131860233,248.76785496303015
2024-10-17,246.72500610351562,247.9250030517578,245.8000030517578,246.8000030517578,1651,0.25396179784615835,248.25357055664062
2024-10-18,248.3249969482422,248.875,247.125,247.125,888,0.6484915615141418,248.11785670689173
2024-10-21,247.5749969482422,248.875,247.125,247.125,983,-0.30202356154919174,247.73214285714286
2024-10-22,249.4250030517578,249.625,247.89999389648438,248.14999389648438,1271,0.7472507831242758,247.6857147216797
2024-10-23,248.5749969482422,249.85000610351562,248.0500030517578,248.75,1038,-0.34078624561116877,247.60714285714286
2024-10-24,249.39999389648438,249.77499389648438,248.39999389648438,248.6999969482422,677,0.3318905595376398,248.01785714285714
2024-10-25,249.625,249.9499969482422,248.5,249.4499969482422,1069,0.0902189691347921,248.52142769949776
2024-10-28,250.0749969482422,250.1999969482422,249.0,249.25,761,0.18026918307147977,248.99999782017298
2024-10-29,250.02499389648438,250.4250030517578,249.6999969482422,250.1999969482422,1043,-0.01999522238049778,249.24285452706474
2024-10-30,250.9499969482422,250.97500610351562,249.39999389648438,249.72500610351562,889,0.3699642333121256,249.7249973842076
2024-10-31,251.97500610351562,252.0500030517578,251.3000030517578,251.3000030517578,3267,0.4084515512007947,250.0892835344587
2024-11-01,246.875,247.5,243.64999389648438,246.0,3319,-2.0240126917272283,249.84642682756697
2024-11-04,246.35000610351562,247.0749969482422,245.52499389648438,246.5,1840,-0.21265575553797156,249.41071428571428
2024-11-05,246.14999389648438,247.25,245.5,246.35000610351562,1469,-0.08119025860596762,248.9142848423549
2024-11-06,247.6999969482422,248.9499969482422,246.64999389648438,247.0749969482422,2182,0.629698594430872,248.5749991280692
2024-11-07,247.64999389648438,248.4250030517578,247.0,247.8000030517578,2725,-0.020186940804955977,248.2357134137835
2024-11-08,245.4250030517578,246.8000030517578,244.5749969482422,246.64999389648438,1970,-0.8984417119172639,247.44642857142858
2024-11-11,246.14999389648438,246.3000030517578,244.47500610351562,245.60000610351562,1042,0.2954021944429508,246.6142839704241
2024-11-12,246.8249969482422,247.25,246.1999969482422,246.4499969482422,1690,0.27422428133054844,246.60714067731584
2024-11-13,246.47500610351562,247.125,246.22500610351562,246.89999389648438,1371,-0.14179716359925543,246.62499782017298
2024-11-14,247.625,248.0,246.77499389648438,246.9499969482422,2494,0.4665762726470568,246.83571297781808
2024-11-15,251.10000610351562,251.85000610351562,248.0500030517578,248.125,3232,1.4033341155035295,247.32142857142858
2024-11-18,251.8249969482422,251.9499969482422,250.5,250.875,1869,0.28872593672009117,247.91785757882255
2024-11-19,254.25,254.4499969482422,252.1750030517578,252.39999389648438,1970,0.9629715402145855,249.17857142857142
2024-11-20,254.8000030517578,254.9250030517578,253.77499389648438,254.25,971,0.2163237175055288,250.41428702218192
2024-11-21,255.125,255.3249969482422,254.6999969482422,254.77499389648438,6974,0.1275498211733339,251.6000017438616
2024-11-22,254.3000030517578,255.375,253.14999389648438,253.375,7003,-0.32336970043790325,252.71785845075334
2024-11-25,255.47500610351562,259.5249938964844,254.89999389648438,256.54998779296875,12127,0.46205388818600923,253.83928789411272
2024-11-26,258.1000061035156,259.3500061035156,255.35000610351562,255.625,7587,1.0274977736712154,254.83928789411272
2024-11-27,258.7749938964844,260.0,257.5249938964844,258.32501220703125,6398,0.261521804342002,255.83214460100447
2024-11-29,259.4750061035156,260.20001220703125,258.17498779296875,258.625,4823,0.2705099888095308,256.57857404436385
2024-12-02,256.8500061035156,261.20001220703125,255.5749969482422,259.57501220703125,10435,-1.011658132094917,256.87143162318637
2024-12-03,259.29998779296875,260.6000061035156,257.29998779296875,257.625,7934,0.9538569714752976,257.46785845075334
2024-12-04,256.95001220703125,259.95001220703125,256.625,259.2749938964844,6309,-0.9062767823243334,257.84643118722096
2024-12-05,254.9250030517578,257.9750061035156,254.5500030517578,257.5,7693,-0.7880945939172879,257.76785932268416
2024-12-06,255.8249969482422,256.75,255.375,255.89999389648438,9645,0.3530426147731136,257.44285801478793
2024-12-09,255.8000030517578,257.6499938964844,255.47500610351562,256.25,7840,-0.009769919586644082,257.01785932268416
2024-12-10,257.32501220703125,258.32501220703125,255.3249969482422,256.0,9156,0.596172453901378,256.7107173374721
2024-12-11,259.04998779296875,259.25,256.70001220703125,257.2250061035156,8160,0.6703489766279214,257.0250004359654
2024-12-12,258.3500061035156,260.7250061035156,258.1000061035156,259.75,7895,-0.270211049001301,256.88928876604353
2024-12-13,257.6499938964844,259.0249938964844,256.3500061035156,258.20001220703125,6166,-0.27095497986974193,256.98928615025113
2024-12-16,255.5500030517578,258.8999938964844,255.125,257.95001220703125,6996,-0.8150556547539711,257.07857186453685
2024-12-17,257.4750061035156,257.6499938964844,254.89999389648438,255.8000030517578,6475,0.7532784303539763,257.3142874581473
2024-12-18,257.0,258.3500061035156,256.04998779296875,257.3999938964844,4523,-0.18448629663286864,257.4857155936105
2024-12-19,254.47500610351562,256.32501220703125,253.8000030517578,256.25,7274,-0.9824878974647344,257.07857186453685
2024-12-20,255.60000610351562,256.125,253.89999389648438,254.5,4331,0.4420866383798794,256.5857173374721
2024-12-23,256.6000061035156,257.1499938964844,255.39999389648438,256.54998779296875,4915,0.3912362973868655,256.3357173374721
2024-12-24,255.85000610351562,257.79998779296875,255.75,256.9750061035156,2180,-0.2922837031022696,256.07857622419084
2024-12-26,259.29998779296875,259.92498779296875,256.1499938964844,256.1499938964844,5007,1.3484391663673767,256.6142883300781
2024-12-27,261.375,261.8500061035156,258.7749938964844,258.7749938964844,4275,0.8002361375689659,257.1714303152902
2024-12-30,261.625,262.20001220703125,259.8999938964844,260.7250061035156,2951,0.09564801530368428,257.8321446010045
2024-12-31,263.0249938964844,263.375,261.25,261.57501220703125,2451,0.5351147239309517,259.05357142857144
2025-01-02,266.4750061035156,267.1499938964844,263.0,263.2250061035156,3622,1.3116670609596204,260.60714285714283
2025-01-03,264.82501220703125,267.875,263.7250061035156,266.82501220703125,2973,-0.6191927417926069,261.78214372907365
2025-01-06,266.29998779296875,267.1000061035156,265.25,265.7749938964844,3494,0.5569623403941959,263.2749982561384
2025-01-07,268.3999938964844,269.3500061035156,266.0249938964844,267.07501220703125,3229,0.7885866315353596,264.5749991280692
2025-01-08,265.57501220703125,269.3500061035156,264.5249938964844,268.54998779296875,3650,-1.0525267338652222,265.1750008719308
2025-01-09,269.2250061035156,269.92498779296875,267.07501220703125,267.2749938964844,2220,1.374373991796718,266.2607160295759
2025-01-10,272.3500061035156,272.625,270.42498779296875,270.875,3796,1.1607391323815053,267.59286063058033
2025-01-13,271.8500061035156,273.625,271.3999938964844,273.04998779296875,2387,-0.18358729164483778,268.3607177734375
2025-01-14,274.1000061035156,274.82501220703125,272.04998779296875,272.5,2958,0.8276622951934876,269.6857169015067
2025-01-15,275.2250061035156,275.2749938964844,273.6499938964844,274.5249938964844,1746,0.4104341389817856,270.9607195172991
2025-01-16,273.45001220703125,275.2250061035156,271.6499938964844,274.79998779296875,2476,-0.6449246460609626,271.6821507045201
2025-01-17,273.5,273.8999938964844,271.7250061035156,273.1000061035156,1821,0.018280413507865134,272.81429181780135
2025-01-21,274.3999938964844,274.79998779296875,273.5249938964844,273.8500061035156,1141,0.32906541004913414,273.55357578822543
2025-01-22,277.04998779296875,277.57501220703125,274.2749938964844,274.5,2603,0.9657412374010743,274.2250017438616
2025-01-23,277.07501220703125,277.8500061035156,276.3500061035156,277.1000061035156,1268,0.009032454490198738,274.97143118722096
2025-01-24,278.70001220703125,279.1499938964844,277.07501220703125,277.6499938964844,1817,0.586483778185598,275.62857491629467
2025-01-27,279.7250061035156,280.54998779296875,279.0249938964844,279.79998779296875,1573,0.3677767677035426,276.2714320591518
2025-01-28,281.82501220703125,282.25,279.6499938964844,279.6499938964844,1485,0.7507394968966352,277.46786063058033
2025-01-29,280.54998779296875,281.8999938964844,280.5249938964844,281.8500061035156,818,-0.45241705272272004,278.4750017438616
2025-01-30,281.8999938964844,282.07501220703125,281.5,281.79998779296875,11147,0.48119984396928217,279.5464303152902
2025-01-31,275.7250061035156,277.1499938964844,272.5,275.95001220703125,10970,-2.1904887998104194,279.3571472167969
2025-02-03,270.5,276.6499938964844,269.8500061035156,274.2250061035156,14196,-1.8950062518283128,278.41785975864957
2025-02-04,268.25,271.3500061035156,267.17498779296875,271.0,8779,-0.8317929759704246,276.9250008719308
2025-02-05,270.7250061035156,271.5,267.54998779296875,268.4750061035156,8293,0.9226490600244608,275.63928658621654
2025-02-06,265.29998779296875,270.79998779296875,264.07501220703125,270.625,14469,-2.003885192811683,273.27856881277904
2025-02-07,264.8999938964844,266.1499938964844,264.45001220703125,265.1499938964844,10407,-0.15077041646776035,271.0428553989955
2025-02-10,268.125,268.45001220703125,264.67498779296875,265.29998779296875,8548,1.217442875735153,269.0749991280692
2025-02-11,264.7749938964844,268.32501220703125,263.1499938964844,268.17498779296875,11102,-1.2494195257867102,267.5107116699219
2025-02-12,264.9750061035156,265.8999938964844,264.0249938964844,264.7250061035156,9636,0.07554044439310736,266.721426827567
2025-02-13,267.9750061035156,268.2749938964844,263.625,265.0,9878,1.1321822552682548,266.68214198521207
2025-02-14,266.3500061035156,269.32501220703125,265.92498779296875,268.125,7490,-0.6063998369207124,266.05714198521207
2025-02-18,269.7250061035156,270.20001220703125,266.4750061035156,267.04998779296875,7815,1.2671296875016003,266.6892874581473
2025-02-19,269.0249938964844,270.82501220703125,268.25,270.0,6911,-0.2595281086999357,267.278573172433
2025-02-20,266.82501220703125,268.9750061035156,265.3500061035156,268.95001220703125,9870,-0.8177610777308053,267.09286063058033
2025-02-21,267.95001220703125,268.8500061035156,266.82501220703125,267.07501220703125,6089,0.4216246410689184,267.5464346749442
2025-02-24,272.29998779296875,272.8999938964844,268.1000061035156,269.4750061035156,6930,1.623428023050999,268.59286063058033
2025-02-25,274.2250061035156,275.45001220703125,272.4750061035156,272.6000061035156,6116,0.7069476301300837,269.4857177734375
2025-02-26,274.375,275.3500061035156,273.07501220703125,274.3500061035156,5271,0.054697381035984094,270.6321454729353
2025-02-27,276.45001220703125,277.25,274.3500061035156,274.6499938964844,4669,0.7562686859339474,271.59286063058033
2025-02-28,274.9750061035156,278.1499938964844,274.8500061035156,276.8999938964844,5683,-0.5335525550315467,272.442862374442
2025-03-03,274.0249938964844,275.2749938964844,271.625,275.0249938964844,4312,-0.3454903849237856,273.47143118722096
2025-03-04,273.8500061035156,274.17498779296875,269.17498779296875,272.0,5564,-0.06385833295003973,274.3142874581473
2025-03-05,276.1000061035156,276.45001220703125,273.82501220703125,274.1499938964844,6189,0.8216176555970289,274.8571472167969
2025-03-06,274.0249938964844,275.625,273.07501220703125,275.32501220703125,2975,-0.751543701977786,274.82857404436385
2025-03-07,276.9750061035156,277.6000061035156,273.75,273.9750061035156,5431,1.0765485896317983,275.2000034877232
2025-03-10,277.04998779296875,277.8999938964844,275.42498779296875,277.57501220703125,2020,0.027071644661358363,275.2857142857143
2025-03-11,277.5,279.4750061035156,275.42498779296875,277.42498779296875,4294,0.1624299681859398,275.6464276994978
2025-03-12,280.25,280.70001220703125,278.32501220703125,278.5,2632,0.9909909909909809,276.5357142857143
2025-03-13,280.2250061035156,282.20001220703125,279.82501220703125,280.79998779296875,3176,-0.008918428718773797,277.44642857142856
2025-03-14,281.9750061035156,282.125,279.1000061035156,280.625,1768,0.6244981575104447,278.2857142857143
2025-03-17,284.625,284.7250061035156,282.0,282.0,1334,0.9397974427249656,279.8000008719308
2025-03-18,284.9750061035156,285.2250061035156,284.07501220703125,285.04998779296875,1354,0.12297096302700261,280.94285801478793
2025-03-19,286.82501220703125,287.29998779296875,285.1000061035156,285.1000061035156,1439,0.6491818804781779,282.3392900739397
2025-03-20,288.3500061035156,288.42498779296875,285.82501220703125,287.5,1728,0.5316809314327209,283.8892909458705
2025-03-21,286.4750061035156,290.0,286.125,287.875,1627,-0.6502514167892492,284.77857753208707
2025-03-24,286.6000061035156,288.2250061035156,285.04998779296875,287.42498779296875,1635,0.04363382401144644,285.68929181780135
2025-03-25,286.9750061035156,287.3500061035156,285.7749938964844,286.54998779296875,1635,0.13084437962802564,286.40357753208707
2025-03-26,286.04998779296875,286.57501220703125,284.25,285.20001220703125,6535,-0.32233410257798134,286.6071472167969
